# Time-averaged data for fix 4
# TimeStep v_sigma_xx_lip v_sigma_yy_lip v_sigma_zz_lip
101000 -0.00211118 0.00211118 0.00833127
102000 0.000609721 -0.000609721 0.00421564
103000 -0.00186164 0.00186164 0.0166794
104000 -0.00105622 0.00105622 0.0111374
105000 -0.00168592 0.00168592 0.0167435
106000 -9.47379e-05 9.47379e-05 0.0208295
107000 0.00487023 -0.00487023 0.00987764
108000 -0.0023325 0.0023325 0.0126442
109000 0.00121315 -0.00121315 0.0204668
110000 0.00334277 -0.00334277 0.0110982
111000 -0.000359331 0.000359331 0.00850204
112000 0.00090318 -0.00090318 0.00792549
113000 0.00142296 -0.00142296 -0.00137694
114000 -0.00288063 0.00288063 -0.00391484
115000 -0.00116707 0.00116707 0.00593647
116000 0.00231634 -0.00231634 0.0117425
117000 -0.00191916 0.00191916 0.0114744
118000 -3.68564e-05 3.68564e-05 0.0164807
119000 -0.000460494 0.000460494 0.00958749
120000 0.00147997 -0.00147997 0.016038
121000 0.0010751 -0.0010751 0.0114399
122000 5.09351e-05 -5.09351e-05 0.0190327
123000 -0.000344164 0.000344164 0.00543969
124000 -0.00158549 0.00158549 0.00830781
125000 0.0006713 -0.0006713 0.0144917
126000 -0.00216259 0.00216259 0.00119289
127000 -0.000622481 0.000622481 0.00942988
128000 -0.0046428 0.0046428 0.0136842
129000 0.00181651 -0.00181651 0.0102618
130000 -0.00253654 0.00253654 0.00180466
131000 -0.000772859 0.000772859 0.00804369
132000 -0.000236079 0.000236079 -0.000302953
133000 -0.0016136 0.0016136 0.00325482
134000 -2.60383e-05 2.60383e-05 0.0127786
135000 9.04298e-05 -9.04298e-05 0.0127152
136000 1.63541e-05 -1.63541e-05 0.00571509
137000 -0.000258303 0.000258303 0.00898163
138000 0.00179951 -0.00179951 0.0043298
139000 -0.00163465 0.00163465 0.00818439
140000 -0.00265956 0.00265956 0.0133992
141000 0.00242726 -0.00242726 0.00850733
142000 0.000145655 -0.000145655 0.00318383
143000 0.00434849 -0.00434849 0.00993401
144000 -0.000229801 0.000229801 0.0116003
145000 -0.00163019 0.00163019 0.00814195
146000 -7.3648e-05 7.3648e-05 0.00731565
147000 0.0019511 -0.0019511 0.00838219
148000 0.000207695 -0.000207695 0.0148558
149000 -0.00225935 0.00225935 0.00991465
150000 -0.000416538 0.000416538 0.00898911
151000 0.00412957 -0.00412957 0.0171845
152000 0.00125068 -0.00125068 0.0154358
153000 -0.0025364 0.0025364 0.00892643
154000 0.00153421 -0.00153421 0.00694916
155000 0.00225197 -0.00225197 0.0104234
156000 -0.00413749 0.00413749 0.0130041
157000 0.000326749 -0.000326749 0.00873856
158000 0.000994274 -0.000994274 0.00465658
159000 -0.00366508 0.00366508 0.00951086
160000 3.41812e-05 -3.41812e-05 0.0079023
161000 0.00242057 -0.00242057 0.00267739
162000 -0.00142402 0.00142402 0.0082876
163000 -0.000409328 0.000409328 0.00814597
164000 -1.48835e-05 1.48835e-05 0.0123041
165000 -0.000589544 0.000589544 0.0152422
166000 0.000813114 -0.000813114 0.0120877
167000 -0.0016894 0.0016894 0.010501
168000 0.00226774 -0.00226774 0.0124673
169000 -0.0025551 0.0025551 0.000758624
170000 0.000980913 -0.000980913 0.00592248
171000 -0.00127974 0.00127974 0.00232351
172000 0.00328658 -0.00328658 0.000924977
173000 -0.00391487 0.00391487 0.0102164
174000 -0.00149036 0.00149036 0.00669546
175000 -0.00212722 0.00212722 0.0126712
176000 -0.000285735 0.000285735 0.0117474
177000 0.00181387 -0.00181387 0.00333812
178000 0.000699503 -0.000699503 0.00495206
179000 0.000724744 -0.000724744 0.00466494
180000 0.00325719 -0.00325719 0.020175
181000 0.00167694 -0.00167694 0.00979828
182000 -0.00393099 0.00393099 0.0168023
183000 0.000734045 -0.000734045 0.00775277
184000 0.00104077 -0.00104077 -0.000464005
185000 0.000848016 -0.000848016 0.014313
186000 -0.000247445 0.000247445 0.00852559
187000 0.00198332 -0.00198332 0.0247693
188000 0.00108416 -0.00108416 0.0108919
189000 -0.000268466 0.000268466 0.0173162
190000 0.00246985 -0.00246985 0.00409692
191000 -0.000348198 0.000348198 0.00755036
192000 0.0016739 -0.0016739 0.00934534
193000 -0.00253865 0.00253865 0.00483195
194000 0.00458642 -0.00458642 0.016069
195000 -0.00138745 0.00138745 0.00734945
196000 0.00120274 -0.00120274 0.00987535
197000 0.00185945 -0.00185945 0.00498778
198000 0.00274228 -0.00274228 0.00443603
199000 -0.00026329 0.00026329 0.0102406
200000 -0.000955582 0.000955582 0.00985411
201000 0.000532046 -0.000532046 0.00598406
202000 -0.00167024 0.00167024 0.00815529
203000 0.00189967 -0.00189967 0.00287182
204000 -0.000854527 0.000854527 5.17424e-05
205000 0.00371736 -0.00371736 0.00402219
206000 -0.000982603 0.000982603 0.00728156
207000 -0.000615244 0.000615244 0.00429435
208000 0.00219493 -0.00219493 -0.00407232
209000 0.00222083 -0.00222083 0.0173951
210000 -0.000695737 0.000695737 0.0116882
211000 0.00298015 -0.00298015 0.0117918
212000 -0.000362204 0.000362204 0.0076815
213000 -0.0015198 0.0015198 0.0144095
214000 0.000466917 -0.000466917 0.00102701
215000 -0.00324456 0.00324456 0.00638607
216000 0.000888369 -0.000888369 0.0205802
217000 -0.0013389 0.0013389 0.0160958
218000 -0.00137652 0.00137652 0.0201046
219000 0.000520907 -0.000520907 0.0104357
220000 -0.000359984 0.000359984 0.0110695
221000 0.00270947 -0.00270947 0.00567105
222000 0.00113114 -0.00113114 0.00379023
223000 0.000489775 -0.000489775 0.00450522
224000 0.00233334 -0.00233334 0.00497091
225000 0.00164207 -0.00164207 0.00864997
226000 -0.000927816 0.000927816 0.000830762
227000 0.000371563 -0.000371563 0.00491605
228000 0.00140717 -0.00140717 0.00158226
229000 -0.000361166 0.000361166 0.0134854
230000 -0.0032506 0.0032506 0.00740914
231000 -0.00139206 0.00139206 -0.0013187
232000 0.000550165 -0.000550165 0.0202128
233000 0.00197733 -0.00197733 0.0128449
234000 -0.00109229 0.00109229 0.0226507
235000 0.000443963 -0.000443963 0.0188003
236000 -0.00101941 0.00101941 0.0039829
237000 -0.00233062 0.00233062 0.00581056
238000 8.11726e-06 -8.11726e-06 0.012954
239000 -0.000530507 0.000530507 0.0148744
240000 0.000467183 -0.000467183 0.0134178
241000 -0.000208896 0.000208896 0.00546305
242000 -0.00057648 0.00057648 0.00670107
243000 0.000775063 -0.000775063 0.00303851
244000 -0.000968728 0.000968728 0.0159173
245000 -0.00145148 0.00145148 0.0102714
246000 -0.000282307 0.000282307 0.0120228
247000 -0.000418337 0.000418337 0.00464505
248000 0.000359361 -0.000359361 0.0105431
249000 0.00292818 -0.00292818 0.00691456
250000 -0.00282039 0.00282039 0.00983144
251000 0.000733147 -0.000733147 0.00997318
252000 0.000109379 -0.000109379 0.00795
253000 -0.00400454 0.00400454 0.0204615
254000 0.000713983 -0.000713983 0.0129185
255000 -0.000785123 0.000785123 0.0136399
256000 0.000663674 -0.000663674 0.00172499
257000 -0.00252997 0.00252997 0.00417413
258000 -0.000906385 0.000906385 0.0103588
259000 0.00118791 -0.00118791 0.00738165
260000 0.00262647 -0.00262647 0.0170842
261000 -0.000700081 0.000700081 0.0125336
262000 0.00102998 -0.00102998 0.0140771
263000 -0.00232711 0.00232711 0.01101
264000 -0.000498021 0.000498021 0.0095501
265000 -0.00222464 0.00222464 0.0171394
266000 0.000529013 -0.000529013 0.014637
267000 0.00161741 -0.00161741 0.00828178
268000 -0.00383664 0.00383664 0.0121297
269000 -0.000179221 0.000179221 0.00413899
270000 -0.00106872 0.00106872 0.00657769
271000 0.00036379 -0.00036379 0.00702792
272000 -0.000189447 0.000189447 0.00523809
273000 -0.000149755 0.000149755 0.00190645
274000 0.00244023 -0.00244023 0.00794339
275000 -0.00119091 0.00119091 0.00427137
276000 0.00206252 -0.00206252 0.0142794
277000 0.000288049 -0.000288049 0.0138163
278000 0.000577849 -0.000577849 0.00798627
279000 0.000592073 -0.000592073 0.0148852
280000 -0.00325291 0.00325291 0.010532
281000 0.00163706 -0.00163706 0.0180736
282000 0.000368931 -0.000368931 0.0113772
283000 0.0060599 -0.0060599 0.014975
284000 -0.00477081 0.00477081 0.0214995
285000 -0.00068301 0.00068301 0.0141864
286000 -2.50335e-05 2.50335e-05 0.00221309
287000 0.000510365 -0.000510365 0.010183
288000 0.000290056 -0.000290056 0.005651
289000 -0.00213857 0.00213857 0.000640591
290000 -0.000868686 0.000868686 0.00864096
291000 0.000209845 -0.000209845 0.00993641
292000 -0.000138867 0.000138867 0.00471813
293000 0.00135419 -0.00135419 0.0047227
294000 -0.000286121 0.000286121 0.00809562
295000 -0.00278929 0.00278929 0.0118104
296000 0.00244881 -0.00244881 0.0126198
297000 0.000384231 -0.000384231 0.00461948
298000 -0.00353669 0.00353669 0.00387307
299000 -0.00241942 0.00241942 0.00591801
300000 0.00202346 -0.00202346 0.012495
301000 5.89127e-05 -5.89127e-05 0.0109903
302000 -0.000646444 0.000646444 0.0170744
303000 0.000355765 -0.000355765 0.0123687
304000 0.000897916 -0.000897916 0.0130002
305000 0.0012162 -0.0012162 0.00576927
306000 0.000164531 -0.000164531 0.00720673
307000 -0.000712374 0.000712374 0.00751576
308000 0.00458321 -0.00458321 0.00440045
309000 -0.00223133 0.00223133 -0.0023062
310000 -0.00157272 0.00157272 0.00303065
311000 0.00131143 -0.00131143 0.00829848
312000 0.00387039 -0.00387039 0.00878387
313000 -0.000832484 0.000832484 0.019182
314000 -0.00248386 0.00248386 0.00479369
315000 0.000727339 -0.000727339 0.0083654
316000 0.00152693 -0.00152693 0.00447825
317000 -0.00376663 0.00376663 0.00911419
318000 -0.000240794 0.000240794 0.0106463
319000 -0.000887049 0.000887049 0.0140386
320000 0.00229647 -0.00229647 -0.00372415
321000 0.00278477 -0.00278477 0.00682952
322000 -0.001564 0.001564 0.0111966
323000 -0.00152617 0.00152617 0.0117829
324000 0.00112305 -0.00112305 0.0118631
325000 -0.00313441 0.00313441 0.0138022
326000 0.00166958 -0.00166958 0.00521257
327000 -0.000215215 0.000215215 8.04932e-05
328000 0.000894657 -0.000894657 0.00114881
329000 0.00158505 -0.00158505 0.0107421
330000 -0.000331784 0.000331784 0.0120495
331000 0.00197301 -0.00197301 0.0152153
332000 -0.00251609 0.00251609 0.00866673
333000 0.000423548 -0.000423548 0.00832409
334000 -0.00186876 0.00186876 0.0118849
335000 -0.00110936 0.00110936 0.00840267
336000 0.000945871 -0.000945871 0.00727665
337000 0.00151351 -0.00151351 0.00617134
338000 -0.000170765 0.000170765 0.00834537
339000 0.00049634 -0.00049634 0.0148905
340000 -6.26241e-05 6.26241e-05 0.00401333
341000 0.000871681 -0.000871681 0.00757427
342000 0.00191018 -0.00191018 -0.00459264
343000 0.00105419 -0.00105419 0.00905656
344000 -0.000880203 0.000880203 0.0110229
345000 -0.00129624 0.00129624 0.00340507
346000 0.00141373 -0.00141373 0.00629808
347000 -0.00149685 0.00149685 0.0147832
348000 -0.00203133 0.00203133 0.0143614
349000 0.00149599 -0.00149599 0.00583315
350000 -0.00236871 0.00236871 0.00509911
351000 0.00108024 -0.00108024 0.0180113
352000 -0.00107728 0.00107728 0.00733421
353000 0.00274249 -0.00274249 0.00395285
354000 0.000460187 -0.000460187 0.000722793
355000 0.00391536 -0.00391536 0.00419346
356000 -0.00119886 0.00119886 0.00676813
357000 -0.00137362 0.00137362 0.00972578
358000 0.00116771 -0.00116771 0.00860855
359000 -0.00187652 0.00187652 0.0190605
360000 -0.00106408 0.00106408 0.00893022
361000 -0.00134466 0.00134466 0.00485896
362000 -0.000108143 0.000108143 0.00237603
363000 -0.00171916 0.00171916 0.00095961
364000 -0.00037624 0.00037624 0.00408685
365000 -0.00196354 0.00196354 0.0078006
366000 0.000343809 -0.000343809 0.0114173
367000 0.00337504 -0.00337504 0.00930831
368000 0.00229706 -0.00229706 0.0154953
369000 -0.00225069 0.00225069 0.00867157
370000 0.0018574 -0.0018574 0.0160599
371000 0.000949862 -0.000949862 0.0120605
372000 2.40962e-05 -2.40962e-05 0.0163418
373000 0.00170531 -0.00170531 0.0132903
374000 -0.00117425 0.00117425 0.0211189
375000 -0.00298527 0.00298527 0.0124999
376000 0.00175221 -0.00175221 0.0106983
377000 -0.000555659 0.000555659 0.00968916
378000 0.00105807 -0.00105807 0.0138995
379000 -0.00115516 0.00115516 0.00340837
380000 0.000758488 -0.000758488 0.00873302
381000 -0.0022695 0.0022695 0.01753
382000 -0.00219639 0.00219639 0.00898885
383000 0.000489991 -0.000489991 0.0200623
384000 0.000550086 -0.000550086 0.00359118
385000 0.00198788 -0.00198788 0.00723695
386000 0.00152749 -0.00152749 0.0145951
387000 -0.0014381 0.0014381 0.0169236
388000 -6.50121e-05 6.50121e-05 -0.00163776
389000 0.00030875 -0.00030875 -0.00419114
390000 0.000909211 -0.000909211 0.00374218
391000 -0.00238014 0.00238014 0.00975428
392000 0.00245772 -0.00245772 0.0131303
393000 -7.35609e-05 7.35609e-05 0.00686626
394000 -0.00158396 0.00158396 0.0103412
395000 -0.00237883 0.00237883 0.00525721
396000 0.00213898 -0.00213898 0.00814385
397000 -0.000241641 0.000241641 0.0145431
398000 6.87484e-05 -6.87484e-05 0.0178647
399000 0.00309092 -0.00309092 0.0103704
400000 -0.00299656 0.00299656 0.0137233
401000 -0.00107217 0.00107217 0.00874278
402000 0.00215895 -0.00215895 0.011103
403000 0.000706718 -0.000706718 0.0143264
404000 8.37963e-05 -8.37963e-05 0.00916747
405000 0.000634824 -0.000634824 0.00410457
406000 -0.000541727 0.000541727 0.0113686
407000 0.00126792 -0.00126792 0.00654672
408000 -0.00288135 0.00288135 0.00770717
409000 0.00130073 -0.00130073 0.0184391
410000 0.00187253 -0.00187253 0.0089939
411000 -7.58226e-05 7.58226e-05 0.0108495
412000 0.00411625 -0.00411625 0.0133714
413000 -0.00186873 0.00186873 0.0129995
414000 0.000577179 -0.000577179 0.00650611
415000 -0.000373424 0.000373424 0.0131508
416000 -0.00270529 0.00270529 0.00899748
417000 -0.000313735 0.000313735 0.0130783
418000 7.50385e-05 -7.50385e-05 0.00664359
419000 -0.00150099 0.00150099 0.0127765
420000 0.00065365 -0.00065365 0.00831282
421000 -0.00182688 0.00182688 0.0128915
422000 0.000425295 -0.000425295 0.0166065
423000 0.00150401 -0.00150401 0.0037281
424000 -0.000513092 0.000513092 0.00392143
425000 -0.000125618 0.000125618 0.0159626
426000 0.00140734 -0.00140734 0.00872778
427000 0.000114023 -0.000114023 0.0130534
428000 -0.00154288 0.00154288 0.00934144
429000 -0.000549118 0.000549118 0.012007
430000 0.00109409 -0.00109409 0.00394131
431000 0.00255358 -0.00255358 0.00840263
432000 -0.000330786 0.000330786 0.0126133
433000 0.000427932 -0.000427932 0.0137417
434000 0.00142268 -0.00142268 0.0165103
435000 -0.00365403 0.00365403 0.0130836
436000 0.000997275 -0.000997275 0.00763054
437000 -0.000130787 0.000130787 0.0191214
438000 -0.000539694 0.000539694 0.0119727
439000 0.002592 -0.002592 0.0086522
440000 -0.00227271 0.00227271 0.013656
441000 0.00138983 -0.00138983 0.0134582
442000 -0.000258961 0.000258961 0.00663743
443000 0.00110035 -0.00110035 0.00761123
444000 -0.00177021 0.00177021 -0.00164031
445000 -0.00171238 0.00171238 0.00593944
446000 -0.0024779 0.0024779 0.00517149
447000 -0.000363251 0.000363251 0.0135425
448000 0.00353625 -0.00353625 0.00656814
449000 0.0026597 -0.0026597 0.00493233
450000 -0.00445056 0.00445056 0.00354064
451000 -0.000768338 0.000768338 0.00289622
452000 0.000915774 -0.000915774 0.00588029
453000 -0.00038453 0.00038453 0.00507064
454000 -0.00148964 0.00148964 0.0155375
455000 0.0027142 -0.0027142 0.0169078
456000 -0.00263597 0.00263597 0.019796
457000 0.00257262 -0.00257262 0.0129461
458000 0.00120776 -0.00120776 0.00814004
459000 0.00141196 -0.00141196 0.0119326
460000 0.000800531 -0.000800531 0.00989065
461000 2.20521e-05 -2.20521e-05 0.0178096
462000 -0.00166429 0.00166429 0.0234651
463000 -0.000495093 0.000495093 0.00888951
464000 0.000248539 -0.000248539 0.0142613
465000 -0.00148919 0.00148919 0.0118088
466000 0.00214026 -0.00214026 0.0187983
467000 0.00178965 -0.00178965 0.0162786
468000 0.00302924 -0.00302924 0.0124977
469000 -0.00244366 0.00244366 0.00398831
470000 0.00150736 -0.00150736 0.00615104
471000 0.00211403 -0.00211403 0.00980077
472000 -0.000725595 0.000725595 0.00812508
473000 0.000857189 -0.000857189 0.0176319
474000 -0.00232714 0.00232714 0.0095218
475000 0.00130168 -0.00130168 0.0149553
476000 -0.00155113 0.00155113 0.00042571
477000 0.000159288 -0.000159288 -0.000563304
478000 -0.000547133 0.000547133 0.00989798
479000 0.00108277 -0.00108277 0.0134473
480000 0.00153537 -0.00153537 0.00524967
481000 0.00211339 -0.00211339 0.00693759
482000 -0.000875825 0.000875825 0.00619048
483000 -7.71497e-05 7.71497e-05 0.0165166
484000 0.000975921 -0.000975921 0.0110341
485000 -0.00198771 0.00198771 0.00835953
486000 0.000214853 -0.000214853 0.00403082
487000 0.00080505 -0.00080505 0.00631015
488000 0.000791592 -0.000791592 0.0111559
489000 -0.00311362 0.00311362 0.00538066
490000 0.00132756 -0.00132756 0.0071694
491000 -0.00241388 0.00241388 0.00926218
492000 0.00206651 -0.00206651 0.011101
493000 -0.00546899 0.00546899 0.00899347
494000 0.000124079 -0.000124079 0.00738475
495000 -0.00273972 0.00273972 0.0145166
496000 0.00175144 -0.00175144 0.00738779
497000 -0.00265036 0.00265036 0.00138052
498000 0.000246592 -0.000246592 0.00356583
499000 0.0023369 -0.0023369 0.00540513
500000 -0.00296143 0.00296143 0.00698036
501000 -0.00263552 0.00263552 0.0100095
502000 -0.00207214 0.00207214 0.0145351
503000 -0.00104078 0.00104078 0.00905841
504000 0.000849658 -0.000849658 0.00433385
505000 0.000946494 -0.000946494 0.0126661
506000 -0.00155765 0.00155765 0.0124701
507000 0.000230941 -0.000230941 0.019317
508000 0.00319341 -0.00319341 0.0106127
509000 0.000613539 -0.000613539 0.00875514
510000 0.000213242 -0.000213242 0.00284357
511000 0.00256936 -0.00256936 0.00341667
512000 -0.00250892 0.00250892 0.00244475
513000 0.0001987 -0.0001987 0.00806059
514000 -0.00334473 0.00334473 0.0141122
515000 -0.000314251 0.000314251 0.00653869
516000 0.000545901 -0.000545901 0.0105577
517000 0.000101643 -0.000101643 0.00655049
518000 -0.00221047 0.00221047 0.00826412
519000 -0.00229275 0.00229275 0.00149545
520000 0.00081514 -0.00081514 0.00752975
521000 0.000182274 -0.000182274 0.0141652
522000 -0.00228438 0.00228438 0.00944026
523000 0.00319829 -0.00319829 0.00835848
524000 -0.00491359 0.00491359 0.00535344
525000 -0.00250488 0.00250488 0.00604567
526000 0.00332654 -0.00332654 0.0129399
527000 0.000440174 -0.000440174 0.0164885
528000 -0.0026302 0.0026302 0.0101417
529000 0.0014281 -0.0014281 0.00929524
530000 0.00316566 -0.00316566 0.00305867
531000 -0.00192747 0.00192747 0.00417088
532000 0.00135639 -0.00135639 0.00516411
533000 -0.000680813 0.000680813 0.0147063
534000 0.000687051 -0.000687051 0.00768624
535000 -0.0011244 0.0011244 0.00814773
536000 -0.00163461 0.00163461 0.0137698
537000 -0.000916115 0.000916115 0.00474647
538000 0.00153243 -0.00153243 -0.000236043
539000 0.00327488 -0.00327488 -0.0010542
540000 -0.000651145 0.000651145 0.0174687
541000 -0.0027877 0.0027877 -1.74985e-06
542000 0.000459593 -0.000459593 0.0083084
543000 0.00129357 -0.00129357 0.00881488
544000 -0.00156384 0.00156384 0.00308338
545000 0.00168043 -0.00168043 0.0070207
546000 -0.00164059 0.00164059 0.00485365
547000 -0.000889711 0.000889711 0.00433591
548000 -0.000381075 0.000381075 0.004419
549000 0.000621403 -0.000621403 0.00973253
550000 -0.000710451 0.000710451 0.00382436
551000 -0.000646246 0.000646246 0.00554558
552000 -0.00343604 0.00343604 0.0058331
553000 0.00275087 -0.00275087 0.00916021
554000 0.00282561 -0.00282561 0.0104502
555000 0.000397176 -0.000397176 0.00944909
556000 0.00126955 -0.00126955 0.00639365
557000 -0.00345041 0.00345041 0.0156962
558000 0.00459774 -0.00459774 0.0106624
559000 0.000389788 -0.000389788 0.00977978
560000 -0.000283638 0.000283638 0.0171591
561000 -0.000297258 0.000297258 0.00222941
562000 0.00200764 -0.00200764 0.00897506
563000 -0.0012269 0.0012269 0.0134225
564000 -0.000336498 0.000336498 0.0075893
565000 0.00232142 -0.00232142 0.0115778
566000 0.00239019 -0.00239019 0.0089322
567000 -0.00128692 0.00128692 0.00258673
568000 -0.00195348 0.00195348 0.0112217
569000 0.00212951 -0.00212951 0.0106182
570000 0.000964798 -0.000964798 0.0121283
571000 0.000579667 -0.000579667 0.0156141
572000 -0.00027613 0.00027613 0.0210798
573000 -0.00102565 0.00102565 0.00890782
574000 0.00042824 -0.00042824 0.0131799
575000 -0.00167836 0.00167836 0.0208415
576000 -0.00126177 0.00126177 0.0281583
577000 0.000889911 -0.000889911 0.0188251
578000 0.00105976 -0.00105976 0.0144002
579000 -0.00180507 0.00180507 0.00503424
580000 0.00095319 -0.00095319 0.00727714
581000 0.00282255 -0.00282255 0.000777546
582000 -0.00264489 0.00264489 0.00553495
583000 0.00144654 -0.00144654 0.00589288
584000 0.00184109 -0.00184109 0.0109253
585000 0.000640084 -0.000640084 -0.000332665
586000 0.000447135 -0.000447135 0.0105831
587000 0.000122359 -0.000122359 0.0095362
588000 0.00107046 -0.00107046 0.0147102
589000 -2.07786e-06 2.07786e-06 0.0164398
590000 -0.00192723 0.00192723 0.0162675
591000 0.00198297 -0.00198297 0.00118229
592000 -0.001287 0.001287 0.0108399
593000 -0.00385269 0.00385269 0.010923
594000 0.000650393 -0.000650393 0.0155718
595000 0.00140785 -0.00140785 0.020555
596000 -0.000628717 0.000628717 0.00630775
597000 -0.000526156 0.000526156 0.00180073
598000 -0.0025905 0.0025905 0.00465081
599000 -0.00135525 0.00135525 0.00613851
600000 -0.0021454 0.0021454 0.00829969
601000 0.0017729 -0.0017729 0.00785347
602000 -0.000895103 0.000895103 8.80752e-05
603000 0.00116005 -0.00116005 0.00862777
604000 0.00143277 -0.00143277 0.00425825
605000 -0.00270126 0.00270126 0.0129388
606000 0.000634172 -0.000634172 0.00929456
607000 -0.000287712 0.000287712 0.00383028
608000 0.00010012 -0.00010012 0.00293094
609000 0.00158031 -0.00158031 0.0104996
610000 0.00199811 -0.00199811 0.0068668
611000 -0.00307384 0.00307384 0.0109527
612000 0.000593032 -0.000593032 0.00892278
613000 0.00100064 -0.00100064 0.00521614
614000 -0.0012501 0.0012501 0.00600881
615000 -0.000877452 0.000877452 0.0101561
616000 0.000676259 -0.000676259 0.00957726
617000 0.000411528 -0.000411528 0.0150824
618000 -0.00137937 0.00137937 0.00580388
619000 -0.000926427 0.000926427 0.000972439
620000 -0.00323315 0.00323315 0.00961065
621000 -0.00195984 0.00195984 0.0153832
622000 -0.00180557 0.00180557 0.00459259
623000 -0.00358202 0.00358202 0.0116519
624000 -0.00248672 0.00248672 0.0114408
625000 -0.000890752 0.000890752 0.00877861
626000 -0.000552492 0.000552492 0.0122119
627000 0.000955345 -0.000955345 0.0134219
628000 -0.000688334 0.000688334 0.0104221
629000 0.000267804 -0.000267804 0.00723332
630000 -0.000773437 0.000773437 0.00738099
631000 -0.000428385 0.000428385 0.00378752
632000 -0.00192415 0.00192415 -0.00650635
633000 -0.00243075 0.00243075 0.00695318
634000 -0.00321301 0.00321301 0.00207469
635000 0.000367122 -0.000367122 0.00769566
636000 0.00199669 -0.00199669 0.0126019
637000 -0.000775132 0.000775132 0.00394749
638000 0.000736358 -0.000736358 0.00298088
639000 -0.000529179 0.000529179 -0.00133454
640000 -0.00465617 0.00465617 -0.00998583
641000 -0.000804591 0.000804591 0.00947494
642000 0.00232594 -0.00232594 0.00528465
643000 -0.00143584 0.00143584 0.00682577
644000 -0.000457657 0.000457657 0.00851647
645000 0.00212336 -0.00212336 0.002513
646000 -0.000855449 0.000855449 0.00888542
647000 0.00107944 -0.00107944 0.0139772
648000 -0.00515231 0.00515231 0.00163801
649000 0.00221099 -0.00221099 0.00536293
650000 0.000526041 -0.000526041 0.0114016
651000 -0.00226454 0.00226454 0.00335819
652000 -0.00230064 0.00230064 0.00900492
653000 -0.000723252 0.000723252 0.0227292
654000 0.00133222 -0.00133222 0.0163824
655000 -0.00269148 0.00269148 0.00905325
656000 -0.00103246 0.00103246 0.00260644
657000 0.00421901 -0.00421901 0.00970385
658000 -1.65489e-05 1.65489e-05 0.013675
659000 -0.00131388 0.00131388 0.0163668
660000 6.14445e-05 -6.14445e-05 0.0140598
661000 -0.000846273 0.000846273 0.00503448
662000 0.000948553 -0.000948553 0.0116566
663000 0.000449452 -0.000449452 0.00917051
664000 -0.00144646 0.00144646 0.0168026
665000 -0.000408456 0.000408456 0.0116109
666000 -0.000793357 0.000793357 0.0121852
667000 0.000159621 -0.000159621 0.00720428
668000 -0.00015903 0.00015903 0.0112656
669000 0.000567718 -0.000567718 0.013287
670000 -0.0010793 0.0010793 0.00535287
671000 -0.0013452 0.0013452 0.0076274
672000 -0.00191845 0.00191845 0.0166073
673000 -0.00213758 0.00213758 0.0143752
674000 0.00372464 -0.00372464 0.00440837
675000 -0.0030076 0.0030076 0.0119516
676000 9.37917e-07 -9.37917e-07 0.0118461
677000 -0.000579543 0.000579543 0.00553403
678000 0.00146944 -0.00146944 0.0074341
679000 -8.60275e-05 8.60275e-05 0.00567319
680000 0.00215954 -0.00215954 0.0054
681000 0.00227291 -0.00227291 0.00950658
682000 -0.00118195 0.00118195 0.00683372
683000 -0.00438955 0.00438955 0.0106448
684000 -0.000964146 0.000964146 -0.0018728
685000 0.0021694 -0.0021694 0.00653239
686000 0.000100633 -0.000100633 -0.00133433
687000 0.000539797 -0.000539797 -0.00251322
688000 -0.00302951 0.00302951 0.000906427
689000 -0.00130355 0.00130355 0.00877023
690000 0.00200474 -0.00200474 0.00563622
691000 -0.000898602 0.000898602 0.0196737
692000 -0.000559015 0.000559015 0.000334176
693000 -0.00041448 0.00041448 0.0146982
694000 -0.00148655 0.00148655 0.00533508
695000 -0.000431626 0.000431626 0.0131479
696000 -0.00119468 0.00119468 0.00741609
697000 0.00136708 -0.00136708 0.00995009
698000 -0.000961097 0.000961097 0.0149175
699000 0.000468431 -0.000468431 0.0124296
700000 5.24301e-05 -5.24301e-05 0.00670666
701000 0.0018345 -0.0018345 0.0210477
702000 -0.000300044 0.000300044 0.0122377
703000 -0.000260769 0.000260769 0.0072428
704000 -0.000576967 0.000576967 0.0063019
705000 0.00336022 -0.00336022 0.00758856
706000 -0.000408211 0.000408211 0.00759033
707000 0.000455631 -0.000455631 0.0185617
708000 -0.00574919 0.00574919 0.0160906
709000 -0.000342958 0.000342958 0.0081029
710000 0.00256779 -0.00256779 0.00156678
711000 -0.000927688 0.000927688 0.0086562
712000 0.00264741 -0.00264741 0.0132212
713000 0.00108563 -0.00108563 0.00594942
714000 -0.00234956 0.00234956 0.0136439
715000 0.00315108 -0.00315108 0.0110684
716000 -0.00398863 0.00398863 0.00845595
717000 -0.00142127 0.00142127 0.0106979
718000 -0.00164188 0.00164188 0.0112593
719000 -0.000552926 0.000552926 0.00645847
720000 -9.21154e-05 9.21154e-05 0.0164101
721000 -0.000591285 0.000591285 0.0098586
722000 -0.00215956 0.00215956 0.0176114
723000 0.000249506 -0.000249506 0.00481872
724000 0.002469 -0.002469 0.00797468
725000 0.00189429 -0.00189429 0.0100594
726000 -0.0030088 0.0030088 0.0131308
727000 -0.000439366 0.000439366 0.0140189
728000 0.000100284 -0.000100284 0.0135866
729000 0.000743972 -0.000743972 0.0135194
730000 -0.0019544 0.0019544 0.0163676
731000 0.00110634 -0.00110634 0.0118665
732000 0.000623038 -0.000623038 0.00585232
733000 -0.00222189 0.00222189 0.00622862
734000 0.00140579 -0.00140579 0.00597796
735000 -0.00100736 0.00100736 0.0122945
736000 -0.000761907 0.000761907 0.011219
737000 0.00357855 -0.00357855 0.017882
738000 0.000738232 -0.000738232 0.0032692
739000 -0.000813232 0.000813232 0.0123881
740000 -0.000144532 0.000144532 0.00245992
741000 -0.00238165 0.00238165 0.0175227
742000 0.000435283 -0.000435283 0.0103552
743000 0.000680839 -0.000680839 0.0121017
744000 0.000914872 -0.000914872 0.00539868
745000 -0.000659479 0.000659479 0.00567606
746000 -0.000298665 0.000298665 0.00911852
747000 0.000478529 -0.000478529 0.0107919
748000 -0.00115529 0.00115529 0.0109456
749000 -6.8195e-05 6.8195e-05 0.0109702
750000 -0.00153593 0.00153593 0.00481274
751000 -0.00118793 0.00118793 0.00420643
752000 -0.00390066 0.00390066 0.00494625
753000 -0.00119293 0.00119293 0.00213404
754000 -0.0013993 0.0013993 0.0035121
755000 0.00274377 -0.00274377 0.00219518
756000 -3.51243e-05 3.51243e-05 0.0100788
757000 -0.00246398 0.00246398 0.00795198
758000 0.00149784 -0.00149784 0.0139799
759000 -0.00146834 0.00146834 0.0111456
760000 0.0016334 -0.0016334 0.0127982
761000 -3.49586e-05 3.49586e-05 0.00319105
762000 -0.000791935 0.000791935 -7.7031e-05
763000 0.000183512 -0.000183512 0.00873839
764000 0.000768226 -0.000768226 0.00800933
765000 -0.00305051 0.00305051 0.0126912
766000 0.000794073 -0.000794073 0.0128196
767000 -0.0018963 0.0018963 0.0108606
768000 0.00329265 -0.00329265 0.0146917
769000 -0.000349322 0.000349322 0.0116301
770000 -0.000871874 0.000871874 0.00719037
771000 0.000837224 -0.000837224 0.0111264
772000 -0.000572923 0.000572923 0.019641
773000 0.000714537 -0.000714537 0.00305781
774000 0.00207562 -0.00207562 0.0115599
775000 0.00259396 -0.00259396 -0.00596268
776000 -0.00271519 0.00271519 0.00498381
777000 0.00308403 -0.00308403 0.0117157
778000 -0.000878102 0.000878102 -1.20983e-05
779000 -7.16794e-05 7.16794e-05 -0.000356631
780000 -0.00406451 0.00406451 -0.000663123
781000 -0.00364476 0.00364476 0.00224735
782000 0.00441941 -0.00441941 0.00292828
783000 -0.000636524 0.000636524 0.00103849
784000 -0.00215702 0.00215702 0.00994399
785000 -0.000475923 0.000475923 0.00720059
786000 -0.000442351 0.000442351 -0.00127493
787000 -0.000239284 0.000239284 0.00263014
788000 -0.000573624 0.000573624 0.00231051
789000 -0.00205026 0.00205026 0.0142209
790000 0.000271114 -0.000271114 0.0145553
791000 -0.000326663 0.000326663 0.00472562
792000 -0.00143949 0.00143949 0.00389427
793000 8.13416e-05 -8.13416e-05 0.00298703
794000 0.000684465 -0.000684465 0.0137208
795000 -0.00230766 0.00230766 0.00637496
796000 -0.000598382 0.000598382 0.0132026
797000 -0.00288341 0.00288341 -0.00203686
798000 -0.000722927 0.000722927 0.00973911
799000 -0.00138253 0.00138253 0.0065498
800000 0.00358338 -0.00358338 0.00549122
801000 0.00181259 -0.00181259 0.000504616
802000 0.000779747 -0.000779747 0.00264082
803000 -1.58753e-05 1.58753e-05 -0.00201524
804000 0.00235192 -0.00235192 0.0112448
805000 -0.00257966 0.00257966 0.00845504
806000 -0.00118017 0.00118017 0.00867034
807000 -0.00134705 0.00134705 0.00632731
808000 0.00203593 -0.00203593 0.0126422
809000 -0.000482671 0.000482671 0.0146255
810000 0.00202007 -0.00202007 0.0137533
811000 -0.00148765 0.00148765 0.0103939
812000 -0.000212996 0.000212996 0.00623204
813000 -0.000723776 0.000723776 0.00226953
814000 0.000930489 -0.000930489 0.0102061
815000 -0.000641775 0.000641775 0.0143406
816000 0.00383822 -0.00383822 0.0184579
817000 -0.000325042 0.000325042 0.00876825
818000 0.00142767 -0.00142767 0.0108816
819000 0.00330419 -0.00330419 0.015831
820000 -0.00273544 0.00273544 0.00849616
821000 -0.00148683 0.00148683 0.00313033
822000 0.00214565 -0.00214565 0.0121992
823000 4.9937e-05 -4.9937e-05 0.0111273
824000 0.000298223 -0.000298223 0.00867935
825000 0.00307557 -0.00307557 0.00637403
826000 0.00280587 -0.00280587 0.0147716
827000 -0.000702477 0.000702477 0.0212016
828000 0.00302835 -0.00302835 0.0159128
829000 0.00137954 -0.00137954 0.0082377
830000 0.00226665 -0.00226665 0.00573566
831000 0.000519173 -0.000519173 0.0143868
832000 -0.000228625 0.000228625 0.0140668
833000 0.00282722 -0.00282722 0.0197625
834000 3.34853e-05 -3.34853e-05 0.015741
835000 0.000906736 -0.000906736 0.00986688
836000 0.000830347 -0.000830347 0.0151939
837000 0.00122032 -0.00122032 0.0118423
838000 -0.00148531 0.00148531 0.00955678
839000 2.53143e-05 -2.53143e-05 0.00777385
840000 -0.000509833 0.000509833 0.0080351
841000 -0.000641508 0.000641508 0.00473512
842000 0.00176219 -0.00176219 0.0106597
843000 -0.00312673 0.00312673 0.010848
844000 -0.00196621 0.00196621 0.00745995
845000 -0.00133789 0.00133789 0.0157496
846000 -4.02469e-05 4.02469e-05 0.0210778
847000 8.52549e-05 -8.52549e-05 0.00812133
848000 0.00171369 -0.00171369 0.00970472
849000 0.00163352 -0.00163352 0.0058964
850000 -0.00307242 0.00307242 0.00420004
851000 0.000278493 -0.000278493 0.00284791
852000 -0.00139911 0.00139911 -0.00235036
853000 -0.000494962 0.000494962 0.00824184
854000 -0.00254885 0.00254885 0.0136715
855000 -0.00370152 0.00370152 0.00929425
856000 0.00185772 -0.00185772 -0.00204628
857000 -0.000977965 0.000977965 0.00674131
858000 -0.00223413 0.00223413 0.00607057
859000 0.000127987 -0.000127987 0.00405613
860000 0.00218238 -0.00218238 0.0107955
861000 -0.00175971 0.00175971 0.0112855
862000 0.00152101 -0.00152101 0.0162875
863000 -0.00104947 0.00104947 0.00937349
864000 0.00173613 -0.00173613 0.0129591
865000 0.000464636 -0.000464636 0.012742
866000 0.000937574 -0.000937574 0.0151871
867000 0.000633266 -0.000633266 0.00955678
868000 6.46713e-05 -6.46713e-05 0.00865262
869000 -0.000628917 0.000628917 0.00908775
870000 -0.00194478 0.00194478 0.00758214
871000 -0.00234422 0.00234422 0.00888465
872000 -0.000225635 0.000225635 0.00384969
873000 0.0043315 -0.0043315 0.0124339
874000 -0.000200462 0.000200462 0.0151359
875000 0.00370088 -0.00370088 0.00337338
876000 -0.0013621 0.0013621 0.0144954
877000 -6.22142e-05 6.22142e-05 0.00899455
878000 0.000393644 -0.000393644 0.00861622
879000 0.00184833 -0.00184833 0.0121583
880000 -0.000326955 0.000326955 0.0129621
881000 0.00131389 -0.00131389 0.00666053
882000 -0.00480723 0.00480723 0.0141761
883000 0.00190634 -0.00190634 0.0180897
884000 0.00108643 -0.00108643 0.0173476
885000 0.000723311 -0.000723311 0.0149158
886000 -0.00101327 0.00101327 0.0149337
887000 -0.0018234 0.0018234 0.0110236
888000 0.00141871 -0.00141871 0.0027977
889000 -0.00140818 0.00140818 0.00513655
890000 0.00181674 -0.00181674 0.00936391
891000 -0.00149381 0.00149381 0.00891267
892000 0.00208322 -0.00208322 0.0198619
893000 -0.00202358 0.00202358 0.0194808
894000 -0.00016431 0.00016431 0.00700379
895000 2.04707e-05 -2.04707e-05 0.00291153
896000 -0.0014956 0.0014956 0.0108772
897000 0.000937023 -0.000937023 0.00677096
898000 0.00354417 -0.00354417 0.00626162
899000 -0.0012647 0.0012647 0.00745624
900000 -0.00416222 0.00416222 0.00982326
901000 -9.73956e-06 9.73956e-06 0.0094106
902000 -0.00154347 0.00154347 0.0127311
903000 -0.00104061 0.00104061 0.0157081
904000 0.00140512 -0.00140512 0.00914655
905000 0.00355825 -0.00355825 0.00712823
906000 0.000767316 -0.000767316 0.00920805
907000 0.00320219 -0.00320219 0.00448883
908000 -0.00117756 0.00117756 0.00683196
909000 0.000187495 -0.000187495 0.0208851
910000 0.00108036 -0.00108036 0.0185942
911000 0.00168219 -0.00168219 0.0258273
912000 0.00274634 -0.00274634 0.0114219
913000 0.000778636 -0.000778636 0.0190824
914000 0.00248361 -0.00248361 0.00655037
915000 -0.0015244 0.0015244 0.00645978
916000 -0.000307323 0.000307323 0.0111638
917000 0.000374336 -0.000374336 0.0130831
918000 -0.00153896 0.00153896 0.00399898
919000 0.00174008 -0.00174008 0.00719844
920000 0.000420048 -0.000420048 0.00427193
921000 0.00351054 -0.00351054 -0.000645849
922000 0.000817411 -0.000817411 0.00688257
923000 -0.00147704 0.00147704 0.0145173
924000 -0.000856826 0.000856826 0.00982428
925000 -0.000865542 0.000865542 0.00776138
926000 0.000248596 -0.000248596 0.0118259
927000 -0.000454063 0.000454063 0.00266669
928000 0.000283621 -0.000283621 0.0135012
929000 -0.00104613 0.00104613 0.0126267
930000 -0.00538578 0.00538578 0.0112283
931000 -0.00112644 0.00112644 0.0140184
932000 -0.00349597 0.00349597 0.0172672
933000 -0.00074367 0.00074367 0.0204054
934000 0.00222264 -0.00222264 0.0137601
935000 -0.000150426 0.000150426 0.012451
936000 -0.000668734 0.000668734 0.0179636
937000 -0.000341894 0.000341894 0.00536501
938000 -0.00241557 0.00241557 0.0164111
939000 -0.00291306 0.00291306 0.00910688
940000 0.00321458 -0.00321458 0.0102458
941000 -0.00305019 0.00305019 0.00766023
942000 -0.000304956 0.000304956 0.0109538
943000 5.64862e-05 -5.64862e-05 0.0169166
944000 -0.00125404 0.00125404 0.00117454
945000 -0.000397994 0.000397994 0.0106844
946000 -0.00218565 0.00218565 0.00541938
947000 -0.0017685 0.0017685 0.0132161
948000 0.000983652 -0.000983652 0.0117091
949000 0.00413469 -0.00413469 0.010181
950000 -0.000312308 0.000312308 0.0111786
951000 0.00054128 -0.00054128 0.0161558
952000 -0.00104635 0.00104635 0.0155131
953000 0.0023406 -0.0023406 0.0152174
954000 0.00105163 -0.00105163 0.0168077
955000 0.00131284 -0.00131284 0.0187529
956000 0.000269569 -0.000269569 0.014673
957000 -0.000914091 0.000914091 0.0203204
958000 0.000607257 -0.000607257 0.0129991
959000 0.000805959 -0.000805959 0.0153637
960000 0.00195482 -0.00195482 0.0127159
961000 0.000337715 -0.000337715 0.023129
962000 -0.00296125 0.00296125 0.0145186
963000 0.000374575 -0.000374575 0.0192086
964000 -0.00211823 0.00211823 -0.00366524
965000 0.000233256 -0.000233256 0.00814336
966000 0.00284915 -0.00284915 0.019406
967000 -0.00043253 0.00043253 0.0161133
968000 0.00189899 -0.00189899 -0.000363613
969000 0.00149331 -0.00149331 0.00521844
970000 -0.00178187 0.00178187 -0.000496779
971000 0.000122007 -0.000122007 0.0123595
972000 0.00046876 -0.00046876 0.0163493
973000 0.000810328 -0.000810328 0.0201625
974000 0.00152418 -0.00152418 0.00971089
975000 -0.000657844 0.000657844 0.012682
976000 0.000301776 -0.000301776 0.0131421
977000 0.00088401 -0.00088401 0.0127696
978000 -0.00159956 0.00159956 0.00871783
979000 -0.000747294 0.000747294 0.00957706
980000 -0.00113435 0.00113435 0.00739642
981000 0.00191291 -0.00191291 0.0179214
982000 0.00358118 -0.00358118 0.0173329
983000 -0.00212489 0.00212489 0.0137409
984000 -0.00112486 0.00112486 0.0117676
985000 -0.0043142 0.0043142 0.00183642
986000 -0.00096307 0.00096307 -0.00017076
987000 -0.00147627 0.00147627 0.00400434
988000 -0.00272955 0.00272955 0.00710117
989000 -0.000322273 0.000322273 0.0148795
990000 0.00308398 -0.00308398 0.0154722
991000 -0.00268606 0.00268606 0.02015
992000 0.00291607 -0.00291607 0.0098831
993000 -0.00239247 0.00239247 0.000394464
994000 -0.000631264 0.000631264 0.00550698
995000 -0.00216962 0.00216962 0.00795735
996000 0.000662533 -0.000662533 0.0066639
997000 -0.00211521 0.00211521 0.0151955
998000 0.00225101 -0.00225101 0.00852539
999000 -0.00256085 0.00256085 0.00270757
1000000 -0.000647393 0.000647393 0.00835068
1001000 0.000175081 -0.000175081 0.0127114
1002000 -0.00148416 0.00148416 0.00931484
1003000 0.000379254 -0.000379254 0.00543929
1004000 -7.71592e-05 7.71592e-05 -0.00382739
1005000 -0.00234309 0.00234309 0.0136428
1006000 -0.000546973 0.000546973 0.0121948
1007000 0.000495922 -0.000495922 0.0109155
1008000 -0.00155899 0.00155899 0.00950771
1009000 -0.0018597 0.0018597 -0.000562145
1010000 -0.00021195 0.00021195 0.0134954
1011000 6.18699e-05 -6.18699e-05 0.0126037
1012000 -0.00475668 0.00475668 0.0122694
1013000 0.000954567 -0.000954567 0.0196018
1014000 -0.00437999 0.00437999 0.0126274
1015000 0.00186331 -0.00186331 0.0140931
1016000 -0.00107391 0.00107391 0.0128379
1017000 -0.00296342 0.00296342 0.0177255
1018000 0.00207507 -0.00207507 0.0148151
1019000 -0.00101145 0.00101145 0.0147091
1020000 -0.0016034 0.0016034 0.0108623
1021000 0.00084977 -0.00084977 0.0158972
1022000 0.00210807 -0.00210807 0.0138493
1023000 0.000395788 -0.000395788 0.0125517
1024000 -0.00187597 0.00187597 0.0175705
1025000 0.00230656 -0.00230656 0.0130703
1026000 -0.001908 0.001908 0.0168297
1027000 0.000772448 -0.000772448 0.0115249
1028000 0.000953112 -0.000953112 0.0145406
1029000 0.00210181 -0.00210181 0.0154064
1030000 -0.00253128 0.00253128 0.00315358
1031000 0.000618499 -0.000618499 0.0116511
1032000 0.00173522 -0.00173522 0.0180146
1033000 -0.00058988 0.00058988 0.0102649
1034000 -0.000386322 0.000386322 0.00883597
1035000 -0.000154478 0.000154478 0.0110744
1036000 0.000241864 -0.000241864 0.0105272
1037000 -0.00176 0.00176 0.00184046
1038000 -0.00277827 0.00277827 0.00658841
1039000 -0.000138058 0.000138058 0.0171724
1040000 -0.00153831 0.00153831 0.00356047
1041000 -0.00391691 0.00391691 0.00652831
1042000 0.00267256 -0.00267256 0.0150523
1043000 -0.00134669 0.00134669 0.0124124
1044000 -5.49128e-05 5.49128e-05 0.0156587
1045000 -0.00323884 0.00323884 0.0123642
1046000 -0.00173616 0.00173616 -0.00143015
1047000 0.000417515 -0.000417515 0.00419036
1048000 -0.000194351 0.000194351 0.00670526
1049000 0.00134777 -0.00134777 0.011616
1050000 0.000539182 -0.000539182 0.0090734
1051000 -0.00228003 0.00228003 0.0122591
1052000 -0.000661159 0.000661159 0.0155891
1053000 -0.000628251 0.000628251 0.0136026
1054000 -0.00419165 0.00419165 0.00591972
1055000 0.00391686 -0.00391686 0.00274955
1056000 0.00102084 -0.00102084 0.00737676
1057000 0.00191163 -0.00191163 0.0067742
1058000 -0.0011669 0.0011669 0.00585514
1059000 -0.000551819 0.000551819 0.00776184
1060000 -0.00319798 0.00319798 0.0101771
1061000 0.00137793 -0.00137793 0.0114882
1062000 -0.00169282 0.00169282 0.0119239
1063000 0.000934139 -0.000934139 0.00367047
1064000 -0.00321077 0.00321077 0.00259856
1065000 0.00168191 -0.00168191 0.00810936
1066000 -0.00077971 0.00077971 0.00511888
1067000 0.00302864 -0.00302864 0.0077338
1068000 -0.00306807 0.00306807 0.0166644
1069000 0.000675578 -0.000675578 0.00523673
1070000 0.00155501 -0.00155501 0.000806539
1071000 -0.00176678 0.00176678 0.00493776
1072000 -0.00476653 0.00476653 0.0079717
1073000 -0.000407477 0.000407477 0.00553288
1074000 -0.00150308 0.00150308 0.00370452
1075000 4.05457e-05 -4.05457e-05 0.0141682
1076000 -0.00151156 0.00151156 0.017708
1077000 0.00455171 -0.00455171 0.00656681
1078000 0.00259983 -0.00259983 0.00723482
1079000 0.000397899 -0.000397899 0.00806921
1080000 0.000680785 -0.000680785 0.00288205
1081000 -0.00310351 0.00310351 0.00925379
1082000 -0.00171489 0.00171489 0.0207996
1083000 0.00130671 -0.00130671 0.0107602
1084000 0.00262495 -0.00262495 0.00725054
1085000 0.00123046 -0.00123046 0.017109
1086000 0.00088668 -0.00088668 0.00994669
1087000 -0.00184611 0.00184611 0.00663105
1088000 -0.00166359 0.00166359 0.0111854
1089000 -0.000747713 0.000747713 0.0183978
1090000 -0.000336311 0.000336311 0.0142785
1091000 0.000660897 -0.000660897 0.00258253
1092000 0.000679757 -0.000679757 0.00956629
1093000 -0.00131874 0.00131874 0.000316148
1094000 5.07089e-05 -5.07089e-05 -0.00140049
1095000 0.00212123 -0.00212123 0.0066291
1096000 0.00111178 -0.00111178 0.0136918
1097000 -0.000791265 0.000791265 0.00906578
1098000 -0.00176465 0.00176465 0.00981033
1099000 -0.000447293 0.000447293 -0.00157681
1100000 0.000922312 -0.000922312 -0.00277553
