# Time-averaged data for fix 4
# TimeStep v_sigma_xx v_sigma_yy v_sigma_zz v_f_tether
100000 -0.0335672 0.0335672 0.0131363 23.5933
101000 0.0507394 -0.0507394 -0.0410836 -73.7879
102000 0.00587613 -0.00587613 0.00269988 4.84909
103000 0.00892178 -0.00892178 0.0211396 37.9676
104000 0.0294074 -0.0294074 -0.00454164 -8.15697
105000 -0.0337843 0.0337843 0.0032764 5.88455
106000 0.00173234 -0.00173234 -0.0116542 -20.9314
107000 0.0451931 -0.0451931 0.0258194 46.3727
108000 0.0116549 -0.0116549 -0.00985852 -17.7063
109000 -0.013181 0.013181 -0.0428443 -76.9502
110000 0.0231716 -0.0231716 -0.0267771 -48.0927
111000 -0.013423 0.013423 -0.0331897 -59.6102
112000 -0.00738194 0.00738194 -0.0352671 -63.3413
113000 0.00556647 -0.00556647 0.0378152 67.9177
114000 -0.025069 0.025069 0.0462877 83.1347
115000 0.0271825 -0.0271825 0.0199953 35.9124
116000 -0.000578691 0.000578691 0.0557641 100.155
117000 -0.0441645 0.0441645 -0.0120169 -21.583
118000 -0.0132251 0.0132251 0.0113821 20.4427
119000 -0.00624463 0.00624463 0.0563481 101.204
120000 0.0178338 -0.0178338 0.0440645 79.1418
121000 -0.0107128 0.0107128 -0.0257724 -46.2884
122000 0.00806456 -0.00806456 -0.0220159 -39.5414
123000 -0.0108789 0.0108789 0.000270639 0.48608
124000 -0.003714 0.003714 0.0102953 18.4908
125000 -0.00731433 0.00731433 -0.0107611 -19.3274
126000 -0.0440756 0.0440756 -0.0863601 -155.106
127000 0.0315616 -0.0315616 -0.0649256 -116.609
128000 0.00359812 -0.00359812 -0.0359535 -64.5741
129000 0.0636756 -0.0636756 0.0200274 35.97
130000 -0.0223174 0.0223174 -0.00491395 -8.82566
131000 0.00311831 -0.00311831 -0.0224652 -40.3485
132000 -0.030738 0.030738 0.0852554 153.122
133000 -0.0144503 0.0144503 0.000917965 1.6487
134000 0.0104541 -0.0104541 -0.0196866 -35.358
135000 -0.0126864 0.0126864 0.0364161 65.4048
136000 0.0135563 -0.0135563 -0.0615588 -110.562
137000 0.0352887 -0.0352887 -0.0456046 -81.9078
138000 -0.0131641 0.0131641 -0.0362634 -65.1306
139000 -0.0275585 0.0275585 0.012751 22.9014
140000 0.00195538 -0.00195538 -0.0584632 -105.002
141000 -0.0802873 0.0802873 0.00177738 3.19225
142000 -0.00927689 0.00927689 0.0017586 3.15851
143000 0.0222496 -0.0222496 0.0374871 67.3284
144000 -0.0520001 0.0520001 -0.00208284 -3.74088
145000 0.0668292 -0.0668292 0.0324325 58.2502
146000 -0.0203569 0.0203569 0.0392777 70.5444
147000 -0.0468299 0.0468299 -0.00774636 -13.9128
148000 0.0113317 -0.0113317 -0.0857352 -153.984
149000 -0.0251113 0.0251113 0.000614948 1.10447
150000 0.00341277 -0.00341277 0.0349049 62.6906
151000 0.030704 -0.030704 0.0781767 140.409
152000 0.00971851 -0.00971851 0.0513099 92.1549
153000 -0.039461 0.039461 0.0688766 123.705
154000 0.00838137 -0.00838137 0.000365598 0.656629
155000 -0.00658707 0.00658707 0.0199237 35.7837
156000 0.0237627 -0.0237627 0.0668858 120.13
157000 -0.0475189 0.0475189 0.0542441 97.4247
158000 0.00420079 -0.00420079 -0.021245 -38.157
159000 -0.011708 0.011708 0.0756561 135.882
160000 0.00590643 -0.00590643 0.0500194 89.837
161000 0.0334499 -0.0334499 0.0759784 136.46
162000 -0.0137044 0.0137044 0.00633322 11.3747
163000 0.0122909 -0.0122909 0.0249099 44.7393
164000 0.0152523 -0.0152523 0.00271622 4.87845
165000 -0.032286 0.032286 -0.00616079 -11.065
166000 0.00568706 -0.00568706 -0.00532686 -9.56727
167000 0.00203433 -0.00203433 0.100703 180.868
168000 -0.0446024 0.0446024 0.0219341 39.3945
169000 -0.0161306 0.0161306 0.00451756 8.11373
170000 -0.028815 0.028815 -0.033164 -59.564
171000 -0.00780835 0.00780835 -0.00494578 -8.88283
172000 -0.0135126 0.0135126 0.0493694 88.6696
173000 0.00691506 -0.00691506 -0.000828252 -1.48758
174000 0.00485087 -0.00485087 0.00407319 7.31563
175000 0.0298186 -0.0298186 -0.0538343 -96.6887
176000 0.0105352 -0.0105352 0.0111368 20.0021
177000 -0.0283466 0.0283466 -0.000928261 -1.6672
178000 -0.0079531 0.0079531 0.0209178 37.5692
179000 0.0467765 -0.0467765 -0.0120867 -21.7082
180000 0.0407455 -0.0407455 0.00455541 8.18172
181000 0.00219992 -0.00219992 0.0657352 118.063
182000 0.0127881 -0.0127881 0.00481334 8.64496
183000 -0.0224303 0.0224303 0.0115575 20.7578
184000 -0.0045477 0.0045477 -0.118757 -213.293
185000 -0.0306111 0.0306111 -0.00310894 -5.58379
186000 -0.0185061 0.0185061 -0.0110715 -19.885
187000 0.00915263 -0.00915263 -0.011901 -21.3747
188000 -0.0259909 0.0259909 0.0421037 75.62
189000 -0.0173178 0.0173178 0.0682464 122.574
190000 0.0243094 -0.0243094 -0.0270373 -48.5601
191000 -0.000206195 0.000206195 -0.00477511 -8.57631
192000 0.0102516 -0.0102516 0.0749839 134.674
193000 -0.0174878 0.0174878 0.122821 220.593
194000 -0.0147759 0.0147759 -0.0226619 -40.7018
195000 -0.0403471 0.0403471 0.00396935 7.12913
196000 -0.025974 0.025974 0.0205833 36.9685
197000 -0.0184848 0.0184848 0.0402816 72.3475
198000 0.00686057 -0.00686057 0.0158945 28.5472
199000 -0.00549402 0.00549402 -0.0246866 -44.3381
200000 0.0306642 -0.0306642 -0.00209367 -3.76032
201000 0.0192593 -0.0192593 0.00132171 2.37384
202000 0.0193354 -0.0193354 -0.00823758 -14.795
203000 0.00745358 -0.00745358 0.0269575 48.4168
204000 -0.00348348 0.00348348 0.0528231 94.8725
205000 0.000266935 -0.000266935 0.0863671 155.119
206000 -0.00209565 0.00209565 0.0172341 30.9532
207000 -0.000150652 0.000150652 0.0157894 28.3585
208000 -0.0127955 0.0127955 0.0435971 78.3023
209000 -0.00604808 0.00604808 0.00726393 13.0463
210000 -0.00323153 0.00323153 -0.0595696 -106.989
211000 0.000101976 -0.000101976 -0.0293264 -52.6714
212000 -9.15568e-05 9.15568e-05 0.0942511 169.279
213000 -0.00193735 0.00193735 -0.000493226 -0.885854
214000 0.00508946 -0.00508946 0.0814656 146.316
215000 0.00327593 -0.00327593 0.0798072 143.337
216000 0.00727529 -0.00727529 0.0415242 74.5792
217000 -0.0264506 0.0264506 0.0413183 74.2095
218000 0.00749636 -0.00749636 0.062308 111.908
219000 0.0234694 -0.0234694 0.0150068 26.9528
220000 0.0208246 -0.0208246 0.00705393 12.6692
221000 -0.0283484 0.0283484 0.0601202 107.979
222000 -0.0339828 0.0339828 0.0381851 68.582
223000 0.0174073 -0.0174073 0.0372734 66.9445
224000 -0.0493533 0.0493533 0.0818533 147.012
225000 0.0320066 -0.0320066 0.0355835 63.9095
226000 -0.00178885 0.00178885 -0.03155 -56.6652
227000 0.0198367 -0.0198367 0.00577101 10.365
228000 -0.0211361 0.0211361 -0.0337172 -60.5575
229000 -0.0215659 0.0215659 -0.000936718 -1.68239
230000 0.0346541 -0.0346541 0.00718405 12.9029
231000 0.00750362 -0.00750362 0.0424141 76.1776
232000 -0.0511621 0.0511621 -0.0279894 -50.2702
233000 -0.00903443 0.00903443 0.00981712 17.632
234000 0.0184603 -0.0184603 -0.0157725 -28.3282
235000 0.0511031 -0.0511031 -0.0387941 -69.6759
236000 0.0124246 -0.0124246 0.0392016 70.4077
237000 0.00140837 -0.00140837 0.0526861 94.6265
238000 -0.0220437 0.0220437 -0.0804729 -144.533
239000 -0.00355987 0.00355987 0.0101557 18.2401
240000 0.0294923 -0.0294923 0.0425308 76.3871
241000 0.00182108 -0.00182108 0.00988142 17.7475
242000 0.0253206 -0.0253206 0.0215038 38.6217
243000 -0.0256171 0.0256171 -0.0560222 -100.618
244000 -0.0275521 0.0275521 0.0267717 48.0831
245000 -0.061763 0.061763 -0.00899524 -16.1558
246000 -0.00141881 0.00141881 0.00600446 10.7843
247000 -0.0310222 0.0310222 -0.012362 -22.2028
248000 0.0278465 -0.0278465 -0.0315769 -56.7134
249000 -0.0180064 0.0180064 0.0345433 62.0413
250000 0.0313442 -0.0313442 0.076682 137.724
251000 0.0408758 -0.0408758 -0.0496395 -89.1547
252000 0.0126934 -0.0126934 -0.0201402 -36.1726
253000 0.00402154 -0.00402154 -0.0139896 -25.126
254000 -0.0186268 0.0186268 0.00493568 8.86469
255000 0.0463356 -0.0463356 0.0378972 68.0649
256000 -0.0275333 0.0275333 0.0386889 69.4869
257000 -0.00514707 0.00514707 0.00957207 17.1918
258000 -0.0209494 0.0209494 0.0233781 41.9882
259000 0.000237772 -0.000237772 -0.0221679 -39.8144
260000 -0.000102992 0.000102992 -0.033226 -59.6753
261000 0.00944699 -0.00944699 0.00103813 1.86452
262000 0.0150174 -0.0150174 0.0270573 48.5961
263000 0.00794655 -0.00794655 0.0380117 68.2706
264000 -0.0261144 0.0261144 0.0146862 26.3771
265000 0.0260896 -0.0260896 0.0221756 39.8283
266000 0.00855493 -0.00855493 0.0412532 74.0925
267000 -0.0186716 0.0186716 0.0449167 80.6723
268000 -0.0175602 0.0175602 0.0102661 18.4384
269000 -0.0241354 0.0241354 0.0508695 91.3638
270000 0.018301 -0.018301 0.0107742 19.3509
271000 -0.00617879 0.00617879 0.0486661 87.4063
272000 0.00134012 -0.00134012 0.0104178 18.7109
273000 -0.011914 0.011914 0.0213718 38.3846
274000 -0.0276141 0.0276141 0.057381 103.059
275000 0.0044683 -0.0044683 0.0162026 29.1006
276000 -0.00865635 0.00865635 0.00608221 10.9239
277000 0.0049516 -0.0049516 -0.0550351 -98.8454
278000 0.00159332 -0.00159332 0.0301971 54.2352
279000 -0.000631765 0.000631765 0.0302474 54.3257
280000 0.0301665 -0.0301665 -0.0148216 -26.6203
281000 -0.0375407 0.0375407 -0.0214144 -38.4612
282000 -0.0164807 0.0164807 0.0284339 51.0685
283000 0.0315141 -0.0315141 0.00036239 0.650868
284000 -0.00936286 0.00936286 -0.0148062 -26.5927
285000 -0.00989346 0.00989346 0.0252115 45.2809
286000 0.0508923 -0.0508923 -0.0303637 -54.5346
287000 -0.00046597 0.00046597 -0.00836555 -15.0249
288000 -0.0104738 0.0104738 0.0513237 92.1796
289000 -0.0364499 0.0364499 0.028593 51.3542
290000 0.0233158 -0.0233158 -0.0973107 -174.774
291000 -0.00187419 0.00187419 0.0352212 63.2588
292000 0.0531057 -0.0531057 0.0461913 82.9616
293000 -0.00369167 0.00369167 -0.0140425 -25.2209
294000 -0.00256074 0.00256074 0.00811263 14.5706
295000 -0.00340412 0.00340412 0.0713026 128.062
296000 -0.0323423 0.0323423 0.0184515 33.1397
297000 -0.0125077 0.0125077 0.0288284 51.777
298000 -0.00852477 0.00852477 0.0226432 40.6681
299000 -0.0295448 0.0295448 0.0107532 19.3131
300000 0.00698885 -0.00698885 -0.00720905 -12.9478
301000 0.0092195 -0.0092195 0.0282314 50.7048
302000 0.0134552 -0.0134552 0.0314637 56.5102
303000 -0.051056 0.051056 0.010321 18.537
304000 -0.00070457 0.00070457 0.0167366 30.0597
305000 -0.0252056 0.0252056 0.0222851 40.025
306000 0.0165643 -0.0165643 0.0291246 52.309
307000 0.0314323 -0.0314323 0.0301104 54.0795
308000 0.0196859 -0.0196859 0.00441505 7.92962
309000 0.0106989 -0.0106989 -0.0334476 -60.0732
310000 0.00663361 -0.00663361 0.0264417 47.4905
311000 0.0140591 -0.0140591 -0.0305803 -54.9235
312000 -0.000490643 0.000490643 -0.0319642 -57.4091
313000 -0.00225452 0.00225452 0.0638666 114.707
314000 0.00784857 -0.00784857 -0.00977161 -17.5502
315000 -0.00179349 0.00179349 0.017361 31.1811
316000 -0.0243572 0.0243572 0.0906977 162.897
317000 -0.0643843 0.0643843 -0.0505463 -90.7832
318000 0.00251558 -0.00251558 0.0145875 26.1998
319000 0.0198177 -0.0198177 0.003268 5.86947
320000 0.0360351 -0.0360351 0.0287941 51.7155
321000 -0.0263216 0.0263216 0.00260507 4.67883
322000 0.0166625 -0.0166625 0.0230433 41.3867
323000 0.0158303 -0.0158303 0.00635015 11.4051
324000 -0.0134536 0.0134536 -0.0292828 -52.5932
325000 -0.0180944 0.0180944 0.0311065 55.8686
326000 0.043434 -0.043434 0.0107412 19.2916
327000 0.0466155 -0.0466155 -0.0123684 -22.2142
328000 0.00804141 -0.00804141 0.0715941 128.586
329000 0.0178127 -0.0178127 0.0352231 63.2623
330000 -0.0647084 0.0647084 -0.00811207 -14.5696
331000 -0.0766351 0.0766351 -0.0697201 -125.22
332000 0.0221788 -0.0221788 0.0413721 74.3061
333000 0.00833348 -0.00833348 -0.00857778 -15.4061
334000 0.0292192 -0.0292192 0.0649388 116.633
335000 0.0321639 -0.0321639 0.0331737 59.5813
336000 -0.00834898 0.00834898 0.034881 62.6478
337000 0.0139789 -0.0139789 -0.00633861 -11.3844
338000 -0.0613424 0.0613424 -0.0387577 -69.6105
339000 -0.0122322 0.0122322 -0.0232923 -41.834
340000 -0.016882 0.016882 0.0416957 74.8873
341000 -0.0406388 0.0406388 0.0301138 54.0857
342000 0.0342285 -0.0342285 0.0491047 88.1941
343000 0.0261851 -0.0261851 0.0340647 61.1817
344000 -0.0486619 0.0486619 -0.0423956 -76.1444
345000 -0.00628561 0.00628561 0.0109257 19.6231
346000 -0.0615986 0.0615986 -0.0389202 -69.9024
347000 0.0117379 -0.0117379 -0.0288601 -51.8339
348000 0.00848572 -0.00848572 -0.034663 -62.2562
349000 -0.0027874 0.0027874 0.0747157 134.193
350000 -0.0397751 0.0397751 0.055527 99.7289
351000 0.0169778 -0.0169778 -0.0268453 -48.2153
352000 -0.0353939 0.0353939 0.00468083 8.40696
353000 0.0181421 -0.0181421 -0.0334135 -60.0121
354000 0.0129189 -0.0129189 0.0114117 20.496
355000 0.0315561 -0.0315561 0.056476 101.433
356000 -0.00363236 0.00363236 0.0348482 62.5888
357000 -0.029458 0.029458 0.0325889 58.5311
358000 0.00547916 -0.00547916 0.0657629 118.113
359000 0.0190232 -0.0190232 -0.0925155 -166.162
360000 -0.0122241 0.0122241 0.0248452 44.623
361000 -0.00905212 0.00905212 -0.0361119 -64.8585
362000 -0.0147354 0.0147354 0.0562543 101.035
363000 0.0267168 -0.0267168 0.0655947 117.811
364000 0.0114205 -0.0114205 0.0279056 50.1196
365000 -0.0174575 0.0174575 0.0096791 17.3841
366000 -0.0039458 0.0039458 0.0297005 53.3434
367000 -0.00741842 0.00741842 0.0274927 49.3781
368000 0.0227527 -0.0227527 0.0197125 35.4046
369000 0.0210262 -0.0210262 0.00254916 4.5784
370000 -0.0264844 0.0264844 0.0306058 54.9694
371000 0.0051347 -0.0051347 -0.00342517 -6.15176
372000 0.0272502 -0.0272502 0.000738537 1.32644
373000 0.000781164 -0.000781164 0.0261444 46.9564
374000 0.0282519 -0.0282519 0.00190351 3.41878
375000 -0.0133344 0.0133344 0.0560475 100.664
376000 0.00743916 -0.00743916 0.0933507 167.662
377000 -0.00788823 0.00788823 -0.0574182 -103.125
378000 0.00515244 -0.00515244 0.0517692 92.9797
379000 -0.0328756 0.0328756 0.0393766 70.7221
380000 -0.000535051 0.000535051 0.0666238 119.659
381000 -0.0167082 0.0167082 0.00982082 17.6386
382000 -0.0233674 0.0233674 -0.0855411 -153.635
383000 0.0317313 -0.0317313 0.0121014 21.7346
384000 -0.039502 0.039502 0.0309641 55.6128
385000 -0.00573498 0.00573498 0.0320879 57.6313
386000 -0.00209315 0.00209315 0.00107211 1.92556
387000 -0.00240305 0.00240305 0.0132852 23.8608
388000 -0.0435869 0.0435869 0.00402263 7.22481
389000 -0.0189855 0.0189855 0.0472597 84.8805
390000 -0.0137756 0.0137756 -0.0109361 -19.6417
391000 0.0197283 -0.0197283 -0.0334959 -60.1602
392000 -0.00276817 0.00276817 0.0743054 133.456
393000 0.00494203 -0.00494203 -0.0139439 -25.0438
394000 0.0219533 -0.0219533 0.0788118 141.549
395000 -0.00574762 0.00574762 -0.0798954 -143.496
396000 -0.0106052 0.0106052 0.0586088 105.264
397000 -0.0137169 0.0137169 0.053149 95.458
398000 -0.0149956 0.0149956 0.00847963 15.2298
399000 0.0183824 -0.0183824 0.0096209 17.2796
400000 -0.0198597 0.0198597 0.0736783 132.329
401000 0.00894095 -0.00894095 0.0731664 131.41
402000 -0.00054467 0.00054467 -0.00813022 -14.6022
403000 0.0362701 -0.0362701 0.00477656 8.57891
404000 -0.021369 0.021369 0.0219379 39.4014
405000 -0.0112971 0.0112971 0.0745439 133.884
406000 0.0334473 -0.0334473 0.0466145 83.7216
407000 0.0334132 -0.0334132 -0.00132376 -2.37753
408000 -0.0118913 0.0118913 0.0567292 101.888
409000 -0.0293087 0.0293087 -0.0100135 -17.9847
410000 -0.00103732 0.00103732 0.0340481 61.1519
411000 0.0515883 -0.0515883 0.0249416 44.7962
412000 0.0467459 -0.0467459 0.0488474 87.732
413000 0.0172976 -0.0172976 0.0281312 50.5248
414000 0.0260434 -0.0260434 0.00763392 13.7109
415000 0.0643245 -0.0643245 -0.123439 -221.702
416000 0.000355568 -0.000355568 -0.0707415 -127.055
417000 -0.0356826 0.0356826 -0.0081433 -14.6257
418000 0.0100143 -0.0100143 0.0224988 40.4088
419000 0.0283444 -0.0283444 0.0170184 30.5657
420000 0.00624903 -0.00624903 0.0859456 154.362
421000 0.0188465 -0.0188465 0.0463423 83.2328
422000 0.00890003 -0.00890003 0.0676842 121.564
423000 -0.0137875 0.0137875 -0.033429 -60.0399
424000 0.0198443 -0.0198443 -0.0403636 -72.4947
425000 -0.0214673 0.0214673 0.035395 63.5709
426000 -0.0059785 0.0059785 -0.00795943 -14.2955
427000 0.000835572 -0.000835572 -0.0185039 -33.2337
428000 -0.00899452 0.00899452 0.0566815 101.802
429000 0.0530491 -0.0530491 0.000443787 0.79706
430000 -0.0495173 0.0495173 -0.00263751 -4.73709
431000 -0.0221128 0.0221128 0.00285347 5.12495
432000 -0.0313744 0.0313744 0.0101411 18.2139
433000 -0.0272445 0.0272445 0.0773747 138.968
434000 -0.0335172 0.0335172 0.0423331 76.032
435000 -0.00632465 0.00632465 0.0375826 67.5
436000 0.0109461 -0.0109461 -0.0320596 -57.5804
437000 -0.0059675 0.0059675 -0.0053413 -9.5932
438000 -0.0020573 0.0020573 -0.00689916 -12.3912
439000 -0.0109243 0.0109243 -0.0194243 -34.8868
440000 -0.00862965 0.00862965 0.00688763 12.3705
441000 -0.0277909 0.0277909 0.0282049 50.6572
442000 0.00619355 -0.00619355 0.0361358 64.9014
443000 -0.0237141 0.0237141 -0.0903637 -162.297
444000 0.0462404 -0.0462404 -0.0409116 -73.479
445000 0.022575 -0.022575 -0.0502996 -90.3403
446000 -0.00159845 0.00159845 0.060732 109.077
447000 -0.0476222 0.0476222 -0.0283111 -50.848
448000 0.0185405 -0.0185405 0.00572688 10.2857
449000 0.0302988 -0.0302988 -0.0215112 -38.6351
450000 -0.00746542 0.00746542 0.0733564 131.751
451000 0.0164398 -0.0164398 -0.0328058 -58.9207
452000 -0.0285879 0.0285879 0.00774857 13.9168
453000 -0.0235258 0.0235258 -0.0256936 -46.1467
454000 -0.0370319 0.0370319 0.0121455 21.8138
455000 -0.007422 0.007422 0.064208 115.32
456000 -0.0372502 0.0372502 -0.0633798 -113.833
457000 0.0429589 -0.0429589 -0.028631 -51.4225
458000 0.00907096 -0.00907096 0.0330635 59.3835
459000 0.00171253 -0.00171253 0.0663479 119.164
460000 0.00702653 -0.00702653 -0.0175208 -31.4681
461000 0.0329151 -0.0329151 0.00408465 7.33621
462000 -0.0536611 0.0536611 -0.0470573 -84.517
463000 -0.00653258 0.00653258 -0.0132088 -23.7236
464000 0.00781198 -0.00781198 -0.0485973 -87.2829
465000 -0.0118343 0.0118343 0.0861798 154.783
466000 0.0270102 -0.0270102 0.0287952 51.7175
467000 -0.022599 0.022599 0.0329982 59.2662
468000 0.0398934 -0.0398934 0.00157974 2.83727
469000 0.0111062 -0.0111062 0.0452712 81.309
470000 -0.00274577 0.00274577 0.0413141 74.2018
471000 -0.0118551 0.0118551 -0.0374422 -67.2478
472000 0.00446596 -0.00446596 0.0573163 102.942
473000 0.00393792 -0.00393792 -0.00359603 -6.45862
474000 0.0199779 -0.0199779 0.0194334 34.9032
475000 -0.0109298 0.0109298 -0.0149013 -26.7634
476000 0.0633474 -0.0633474 0.0432874 77.7461
477000 0.00490618 -0.00490618 -0.0980337 -176.073
478000 -0.0357502 0.0357502 0.0467604 83.9836
479000 -0.0093034 0.0093034 -0.0187898 -33.7472
480000 -0.00671916 0.00671916 0.030603 54.9643
481000 0.00636804 -0.00636804 -0.00190055 -3.41347
482000 0.042968 -0.042968 0.00898122 16.1307
483000 -0.0277196 0.0277196 0.015151 27.2119
484000 0.027257 -0.027257 0.0580766 104.308
485000 0.00340778 -0.00340778 -0.0368404 -66.1669
486000 0.0162962 -0.0162962 0.0677099 121.61
487000 -0.00765067 0.00765067 0.0648822 116.531
488000 -0.0353007 0.0353007 0.0339665 61.0053
489000 0.0144999 -0.0144999 0.0168597 30.2808
490000 0.020377 -0.020377 -0.000351338 -0.631018
491000 -0.0226131 0.0226131 0.00909712 16.3388
492000 0.0132346 -0.0132346 0.0612264 109.965
493000 -0.0488311 0.0488311 -0.0522107 -93.7727
494000 -0.0294667 0.0294667 -0.0175161 -31.4597
495000 -0.0212154 0.0212154 -0.00210775 -3.7856
496000 0.00268497 -0.00268497 0.00443384 7.96337
497000 -0.00375119 0.00375119 -0.0688894 -123.728
498000 -0.00677796 0.00677796 -0.0101748 -18.2744
499000 0.0226988 -0.0226988 0.0467457 83.9573
500000 0.0121936 -0.0121936 0.0585009 105.07
501000 0.0269856 -0.0269856 -0.00904124 -16.2385
502000 0.00306332 -0.00306332 0.0735743 132.143
503000 0.0094251 -0.0094251 0.0120235 21.5947
504000 0.00693449 -0.00693449 -0.0310272 -55.7261
505000 0.00571298 -0.00571298 -0.0313847 -56.3683
506000 0.0279465 -0.0279465 -0.0133973 -24.0622
507000 -0.00840683 0.00840683 -0.0224407 -40.3044
508000 -0.0114304 0.0114304 0.0748674 134.465
509000 -0.0365554 0.0365554 0.014624 26.2654
510000 0.00363212 -0.00363212 0.0582018 104.533
511000 -0.0188518 0.0188518 -0.0170626 -30.6452
512000 -0.00156886 0.00156886 0.0181467 32.5922
513000 0.0123142 -0.0123142 -0.00716331 -12.8656
514000 0.00120548 -0.00120548 0.0718154 128.983
515000 0.0133385 -0.0133385 0.00759976 13.6495
516000 -0.0123899 0.0123899 0.0200107 35.9401
517000 0.00425012 -0.00425012 0.029551 53.0748
518000 0.0108029 -0.0108029 0.0203995 36.6384
519000 -0.00216301 0.00216301 0.000292975 0.526195
520000 -0.00722622 0.00722622 -0.0461479 -82.8837
521000 0.000393293 -0.000393293 0.0723783 129.995
522000 -0.00363084 0.00363084 0.00366888 6.58946
523000 0.0265686 -0.0265686 0.0165567 29.7366
524000 -0.0209557 0.0209557 0.0633238 113.732
525000 -0.0234149 0.0234149 0.099299 178.345
526000 0.0313306 -0.0313306 -0.00891337 -16.0088
527000 0.00644198 -0.00644198 -0.0222145 -39.8981
528000 0.00616773 -0.00616773 -0.101951 -183.108
529000 0.023054 -0.023054 0.0181595 32.6153
530000 0.0254632 -0.0254632 0.081049 145.568
531000 0.00123821 -0.00123821 0.0924695 166.079
532000 0.00556751 -0.00556751 -0.0175171 -31.4615
533000 -0.0102384 0.0102384 -0.0113545 -20.3931
534000 0.00526414 -0.00526414 0.0102256 18.3656
535000 0.000271075 -0.000271075 0.0148427 26.6581
536000 -0.00278151 0.00278151 -0.0350948 -63.0318
537000 -0.0176696 0.0176696 0.0689986 123.925
538000 0.0223086 -0.0223086 0.0413217 74.2156
539000 -0.0181107 0.0181107 0.0143039 25.6905
540000 -0.0360212 0.0360212 -0.0092714 -16.6518
541000 -0.020157 0.020157 -0.0331749 -59.5836
542000 -0.0132064 0.0132064 0.0169735 30.4851
543000 0.00572254 -0.00572254 0.0126861 22.7848
544000 -0.00523338 0.00523338 -0.0155578 -27.9425
545000 0.0221443 -0.0221443 0.0233162 41.8769
546000 0.00985954 -0.00985954 0.0026446 4.74981
547000 0.00992115 -0.00992115 -0.0102997 -18.4988
548000 0.00706605 -0.00706605 -0.033116 -59.4778
549000 0.00638299 -0.00638299 -0.056893 -102.182
550000 -0.0434943 0.0434943 0.107203 192.541
551000 0.0499319 -0.0499319 -0.0307612 -55.2484
552000 -0.0413986 0.0413986 -0.0276235 -49.613
553000 -0.0198326 0.0198326 0.0115257 20.7006
554000 0.0115495 -0.0115495 -0.0143924 -25.8494
555000 -0.038802 0.038802 -0.00491082 -8.82004
556000 -0.0212724 0.0212724 -0.0159241 -28.6003
557000 -0.00398219 0.00398219 0.0439445 78.9262
558000 0.0411788 -0.0411788 0.0099551 17.8798
559000 -0.00616201 0.00616201 -0.0523553 -94.0324
560000 0.00495679 -0.00495679 0.0671518 120.608
561000 -0.00316798 0.00316798 0.00713718 12.8187
562000 -0.030469 0.030469 0.0354309 63.6354
563000 -0.0493051 0.0493051 0.0197816 35.5286
564000 0.00428331 -0.00428331 0.014761 26.5113
565000 0.00608551 -0.00608551 -0.00226745 -4.07244
566000 -0.0206568 0.0206568 0.0496164 89.1132
567000 0.0357739 -0.0357739 0.0212445 38.156
568000 -0.00440522 0.00440522 -0.0477869 -85.8272
569000 0.0430282 -0.0430282 0.0911359 163.684
570000 -0.00867209 0.00867209 0.00830553 14.9171
571000 -0.0215172 0.0215172 0.0190593 34.2314
572000 0.0015803 -0.0015803 0.0107686 19.3409
573000 -0.0199261 0.0199261 0.012422 22.3104
574000 0.0390974 -0.0390974 0.066728 119.846
575000 0.00262373 -0.00262373 0.0134142 24.0925
576000 0.00552512 -0.00552512 0.0140898 25.3059
577000 0.00831239 -0.00831239 -0.0282074 -50.6618
578000 0.00892481 -0.00892481 -0.0290518 -52.1782
579000 0.0337392 -0.0337392 0.00402732 7.23324
580000 0.0233411 -0.0233411 0.0293429 52.7011
581000 -0.0367733 0.0367733 0.012274 22.0446
582000 -0.0253523 0.0253523 -0.0141457 -25.4064
583000 -0.0515991 0.0515991 0.0690922 124.092
584000 -0.0096901 0.0096901 0.0375526 67.4461
585000 -0.0120953 0.0120953 -0.0250089 -44.9171
586000 0.00198329 -0.00198329 -0.000971925 -1.74562
587000 -0.0390501 0.0390501 0.0184856 33.201
588000 0.0377319 -0.0377319 -0.042542 -76.4073
589000 -0.0120335 0.0120335 0.0152781 27.4402
590000 -0.0202696 0.0202696 -0.0222745 -40.006
591000 -0.00584865 0.00584865 0.00138338 2.4846
592000 -0.0251733 0.0251733 0.00294089 5.28196
593000 -0.00259794 0.00259794 0.0243444 43.7237
594000 -0.018992 0.018992 -0.0196498 -35.2918
595000 0.0243499 -0.0243499 -0.0077509 -13.921
596000 0.00255484 -0.00255484 -0.00709588 -12.7445
597000 0.0073019 -0.0073019 -0.0264245 -47.4596
598000 -0.0104017 0.0104017 -0.109811 -197.225
599000 0.0248806 -0.0248806 -0.0001822 -0.327239
600000 0.0474246 -0.0474246 0.00765817 13.7544
601000 0.0117058 -0.0117058 0.00468646 8.41709
602000 -0.0269975 0.0269975 0.0532116 95.5703
603000 -0.0139867 0.0139867 -0.0198206 -35.5987
604000 0.0167227 -0.0167227 -0.0351954 -63.2124
605000 0.012539 -0.012539 -0.0462944 -83.1468
606000 0.00209018 -0.00209018 0.0921259 165.462
607000 -0.0541043 0.0541043 0.0283055 50.8379
608000 0.0277554 -0.0277554 -0.00633916 -11.3854
609000 0.00549367 -0.00549367 -0.0057455 -10.3192
610000 -0.0540856 0.0540856 -0.0471336 -84.6539
611000 0.000813441 -0.000813441 -0.0545336 -97.9447
612000 -0.000287435 0.000287435 0.0117059 21.0242
613000 0.0190148 -0.0190148 0.0392149 70.4317
614000 -0.0146594 0.0146594 -0.012968 -23.2912
615000 -0.0312737 0.0312737 0.00831025 14.9256
616000 -0.0460044 0.0460044 0.0181446 32.5884
617000 0.0108275 -0.0108275 0.00804185 14.4435
618000 -0.014594 0.014594 0.0465593 83.6225
619000 -0.011192 0.011192 0.0681926 122.477
620000 0.0161662 -0.0161662 0.0513188 92.1707
621000 -0.0407888 0.0407888 -0.0121114 -21.7525
622000 0.0526827 -0.0526827 -0.037663 -67.6443
623000 0.0141015 -0.0141015 -0.012666 -22.7487
624000 0.0425712 -0.0425712 -0.0159639 -28.6718
625000 -0.0257826 0.0257826 -0.021454 -38.5323
626000 -0.00920664 0.00920664 0.0473714 85.0811
627000 -0.000252921 0.000252921 0.0349515 62.7744
628000 -0.0017941 0.0017941 -0.0106065 -19.0497
629000 -0.00663117 0.00663117 0.0137213 24.644
630000 0.0108557 -0.0108557 0.0209683 37.6601
631000 -0.00341211 0.00341211 0.077247 138.739
632000 0.00393917 -0.00393917 -0.0332853 -59.7819
633000 0.0139652 -0.0139652 -0.0350614 -62.9717
634000 -0.048056 0.048056 0.0139182 24.9978
635000 -0.0221148 0.0221148 0.0193918 34.8285
636000 0.0135738 -0.0135738 -0.0673756 -121.009
637000 0.0120111 -0.0120111 0.0294069 52.816
638000 0.0166589 -0.0166589 0.0981376 176.259
639000 -0.0175112 0.0175112 0.0362138 65.0415
640000 -0.00720432 0.00720432 -0.0666822 -119.764
641000 -0.00761267 0.00761267 0.000223858 0.402059
642000 -0.00599009 0.00599009 -0.00347694 -6.24473
643000 -0.0507586 0.0507586 0.0285596 51.2942
644000 -0.0234752 0.0234752 0.0313249 56.2608
645000 0.00237312 -0.00237312 0.0428197 76.906
646000 -0.0171724 0.0171724 0.0981984 176.369
647000 0.00572812 -0.00572812 0.0681909 122.474
648000 0.00707577 -0.00707577 0.0521456 93.6557
649000 -0.0330702 0.0330702 0.0533011 95.7311
650000 -0.0217273 0.0217273 -0.0188309 -33.8211
651000 -0.0209914 0.0209914 -0.0266619 -47.8859
652000 -0.0324755 0.0324755 -0.0413757 -74.3126
653000 -0.0201461 0.0201461 -0.0231724 -41.6187
654000 -0.0273318 0.0273318 0.0721875 129.652
655000 -0.00778796 0.00778796 0.0302743 54.374
656000 0.0328048 -0.0328048 -0.00515143 -9.2522
657000 0.0439433 -0.0439433 0.0392104 70.4235
658000 0.00373984 -0.00373984 -0.0134327 -24.1257
659000 0.0416697 -0.0416697 0.0466745 83.8295
660000 -0.0130893 0.0130893 -0.0275381 -49.4596
661000 0.0414291 -0.0414291 -0.0262096 -47.0736
662000 0.0221522 -0.0221522 -0.0276337 -49.6314
663000 -0.0136791 0.0136791 0.0476601 85.5996
664000 0.025375 -0.025375 -0.0201352 -36.1636
665000 0.000824965 -0.000824965 0.0445443 80.0035
666000 0.0107935 -0.0107935 0.0168462 30.2565
667000 0.0153061 -0.0153061 -0.0205116 -36.8397
668000 -0.00749255 0.00749255 0.098447 176.815
669000 0.0142754 -0.0142754 0.0178314 32.0259
670000 -0.0260654 0.0260654 -0.0344654 -61.9013
671000 0.00933096 -0.00933096 -0.00926176 -16.6345
672000 -0.0124774 0.0124774 -0.00239752 -4.30605
673000 0.0300893 -0.0300893 0.0836417 150.224
674000 0.0523392 -0.0523392 0.0264749 47.5501
675000 -0.00451484 0.00451484 -0.00156771 -2.81568
676000 -0.0121345 0.0121345 -0.0451032 -81.0073
677000 -0.0109902 0.0109902 0.00393975 7.07596
678000 0.0180735 -0.0180735 0.0260565 46.7986
679000 0.0172517 -0.0172517 0.0665093 119.454
680000 0.00147865 -0.00147865 0.0331777 59.5885
681000 0.0137031 -0.0137031 0.0381112 68.4493
682000 0.0194713 -0.0194713 -0.00432017 -7.75921
683000 0.00870146 -0.00870146 0.0528108 94.8504
684000 -0.0202912 0.0202912 0.00245457 4.40852
685000 0.0283312 -0.0283312 -0.0112978 -20.2913
686000 -0.00193806 0.00193806 0.0994232 178.568
687000 0.0183981 -0.0183981 0.0231861 41.6432
688000 0.0107313 -0.0107313 3.44393e-06 0.00618545
689000 0.014611 -0.014611 0.137051 246.15
690000 0.0285902 -0.0285902 -0.0114497 -20.5642
691000 0.043158 -0.043158 0.0329369 59.156
692000 0.0404044 -0.0404044 0.00207622 3.72898
693000 0.0326542 -0.0326542 0.0737975 132.544
694000 0.00441976 -0.00441976 -0.00073821 -1.32586
695000 0.021059 -0.021059 0.00580035 10.4177
696000 0.00903576 -0.00903576 0.0585213 105.107
697000 -0.000759614 0.000759614 0.00268453 4.82152
698000 0.0102245 -0.0102245 -0.0342129 -61.4479
699000 0.0342987 -0.0342987 0.0645701 115.971
700000 -0.0563174 0.0563174 0.0254814 45.7657
701000 -0.00317647 0.00317647 -0.0766999 -137.756
702000 0.014067 -0.014067 0.0209883 37.6959
703000 -0.00265916 0.00265916 0.0230639 41.4238
704000 -0.0287338 0.0287338 0.00572895 10.2894
705000 0.00163418 -0.00163418 0.0243787 43.7852
706000 -0.047634 0.047634 0.0220163 39.5422
707000 -0.0151625 0.0151625 -0.022459 -40.3373
708000 0.0338871 -0.0338871 -0.046335 -83.2197
709000 0.00812453 -0.00812453 0.0572811 102.879
710000 -0.00188712 0.00188712 -0.0725129 -130.236
711000 -0.0632333 0.0632333 -0.0365863 -65.7106
712000 0.0598931 -0.0598931 0.0298874 53.6791
713000 0.0243319 -0.0243319 0.00210601 3.78249
714000 -0.000524092 0.000524092 0.00240407 4.31781
715000 -0.0202908 0.0202908 -0.0312046 -56.0448
716000 -0.00227603 0.00227603 0.0168237 30.2161
717000 -0.00574159 0.00574159 0.00435011 7.81298
718000 0.0098933 -0.0098933 0.00167371 3.00606
719000 -0.0227859 0.0227859 -0.0267293 -48.0069
720000 0.0279909 -0.0279909 0.0446243 80.1471
721000 0.047436 -0.047436 0.0106817 19.1848
722000 -0.00523101 0.00523101 0.0672184 120.727
723000 0.0163401 -0.0163401 -0.0415172 -74.5666
724000 -0.0371324 0.0371324 -0.0135108 -24.2659
725000 0.00351339 -0.00351339 0.0114818 20.6218
726000 -0.0197821 0.0197821 -0.0298218 -53.5612
727000 -0.00795313 0.00795313 0.0735291 132.061
728000 0.00178798 -0.00178798 -0.0512734 -92.0893
729000 0.0368947 -0.0368947 0.0374346 67.2341
730000 -0.0132625 0.0132625 -0.0297031 -53.3481
731000 0.00703453 -0.00703453 0.0962392 172.85
732000 -0.0156809 0.0156809 0.0747753 134.3
733000 0.02092 -0.02092 0.0183313 32.9237
734000 0.00903827 -0.00903827 0.0644097 115.683
735000 -0.0341844 0.0341844 0.0401876 72.1787
736000 -0.0264074 0.0264074 -0.0220714 -39.6412
737000 -0.00925108 0.00925108 0.028646 51.4494
738000 -0.0254569 0.0254569 -0.025408 -45.6339
739000 -0.0472335 0.0472335 0.0685672 123.15
740000 -0.00328756 0.00328756 -0.0537934 -96.6153
741000 0.0167881 -0.0167881 -0.0206129 -37.0216
742000 -0.0183356 0.0183356 0.00630916 11.3315
743000 0.00531169 -0.00531169 -0.0114821 -20.6224
744000 0.0536568 -0.0536568 -0.00439472 -7.8931
745000 0.0250199 -0.0250199 0.00121155 2.17599
746000 0.0166426 -0.0166426 0.000732579 1.31574
747000 -0.00477757 0.00477757 -0.0412835 -74.1469
748000 0.0485462 -0.0485462 0.00252446 4.53403
749000 0.019903 -0.019903 0.00208355 3.74214
750000 0.01519 -0.01519 0.0565178 101.508
751000 -0.0264595 0.0264595 0.0489063 87.8378
752000 8.86902e-06 -8.86902e-06 0.028739 51.6166
753000 -0.0191377 0.0191377 -0.0437526 -78.5815
754000 0.00835023 -0.00835023 0.0852779 153.163
755000 0.0142704 -0.0142704 0.0688116 123.589
756000 -0.00943428 0.00943428 -0.0148957 -26.7533
757000 0.00805074 -0.00805074 0.0407173 73.13
758000 0.00837215 -0.00837215 -0.0145765 -26.1799
759000 0.022372 -0.022372 -0.107443 -192.972
760000 -0.00887475 0.00887475 0.0439883 79.0048
761000 -0.0180107 0.0180107 0.012295 22.0824
762000 -0.0282428 0.0282428 0.101274 181.892
763000 -0.00698593 0.00698593 0.0224279 40.2815
764000 0.00024701 -0.00024701 -0.0597611 -107.334
765000 0.0499655 -0.0499655 -0.0460861 -82.7726
766000 0.0120335 -0.0120335 0.000927614 1.66604
767000 -0.0225471 0.0225471 -0.0396677 -71.2449
768000 0.0416483 -0.0416483 0.0127381 22.8783
769000 0.0183076 -0.0183076 0.00593969 10.6679
770000 0.0117447 -0.0117447 -0.00950057 -17.0634
771000 0.01384 -0.01384 -0.0329204 -59.1264
772000 0.0058523 -0.0058523 0.094322 169.406
773000 -0.0245725 0.0245725 0.0513077 92.1508
774000 -0.0175376 0.0175376 0.0127421 22.8853
775000 -0.00943735 0.00943735 -0.0480575 -86.3133
776000 -0.00685845 0.00685845 0.0302855 54.3941
777000 -0.0166023 0.0166023 -0.0260172 -46.728
778000 -0.000151941 0.000151941 -0.0457881 -82.2374
779000 0.0122064 -0.0122064 0.0255001 45.7992
780000 0.0122566 -0.0122566 -0.0203876 -36.617
781000 0.00494882 -0.00494882 0.0465119 83.5374
782000 -0.00243393 0.00243393 -0.0219938 -39.5018
783000 -0.00952073 0.00952073 -0.0243389 -43.7138
784000 0.0443389 -0.0443389 0.0251179 45.1129
785000 0.00297024 -0.00297024 -0.0171354 -30.7759
786000 -0.00696465 0.00696465 -0.0288455 -51.8077
787000 -0.0265084 0.0265084 -0.052344 -94.0121
788000 -0.00615093 0.00615093 0.0184136 33.0717
789000 0.0315574 -0.0315574 0.0824251 148.039
790000 0.013779 -0.013779 -0.0487826 -87.6156
791000 0.0228214 -0.0228214 -0.000781898 -1.40432
792000 0.00787923 -0.00787923 -0.00651704 -11.7049
793000 -0.0227002 0.0227002 -0.0258321 -46.3955
794000 -0.00594514 0.00594514 0.0489408 87.8998
795000 -0.000462931 0.000462931 -0.0456842 -82.0507
796000 -0.0215059 0.0215059 -0.0832404 -149.503
797000 -0.0443077 0.0443077 0.00178408 3.20429
798000 0.00804445 -0.00804445 0.00487364 8.75327
799000 0.00161355 -0.00161355 -0.00130941 -2.35175
800000 -0.000750062 0.000750062 0.071697 128.771
801000 0.0432223 -0.0432223 -0.000641605 -1.15235
802000 0.0142653 -0.0142653 0.0405155 72.7675
803000 -0.00656471 0.00656471 0.0414929 74.5231
804000 0.0431282 -0.0431282 -0.044509 -79.9401
805000 0.0531582 -0.0531582 0.0522947 93.9235
806000 0.00714171 -0.00714171 0.0167129 30.0171
807000 -0.0083221 0.0083221 0.0190969 34.2989
808000 -0.00454992 0.00454992 0.0130212 23.3867
809000 0.00844771 -0.00844771 0.0195261 35.0697
810000 -0.0290507 0.0290507 -0.0179789 -32.2908
811000 0.00121007 -0.00121007 0.0139489 25.0529
812000 0.00493648 -0.00493648 0.0318454 57.1957
813000 0.00627562 -0.00627562 -0.0479142 -86.056
814000 -0.00145182 0.00145182 0.0642204 115.343
815000 -0.0485367 0.0485367 0.0500954 89.9735
816000 -0.0167569 0.0167569 -0.0101285 -18.1913
817000 -0.0131028 0.0131028 0.0463716 83.2853
818000 0.0178105 -0.0178105 -0.0205715 -36.9474
819000 -0.032997 0.032997 0.0122961 22.0843
820000 -0.00139869 0.00139869 0.054801 98.425
821000 0.0111316 -0.0111316 -0.00632909 -11.3673
822000 -0.0132044 0.0132044 -0.0629817 -113.118
823000 0.0228189 -0.0228189 0.00758807 13.6285
824000 0.00134264 -0.00134264 0.0236425 42.4629
825000 0.0343668 -0.0343668 0.0160067 28.7487
826000 -0.00476265 0.00476265 0.0159434 28.6351
827000 -0.0172659 0.0172659 -0.0114504 -20.5655
828000 -0.0205162 0.0205162 0.0106189 19.072
829000 -0.0109696 0.0109696 0.10449 187.669
830000 0.0145569 -0.0145569 0.0135337 24.3071
831000 0.0208538 -0.0208538 0.0276881 49.729
832000 0.0321609 -0.0321609 0.0776509 139.464
833000 0.000270858 -0.000270858 0.063238 113.578
834000 0.0258025 -0.0258025 0.0412781 74.1373
835000 0.0249205 -0.0249205 0.0188981 33.9419
836000 -0.0257983 0.0257983 0.0206224 37.0387
837000 -0.00832716 0.00832716 -0.00513682 -9.22594
838000 -0.00356206 0.00356206 -0.00193548 -3.4762
839000 0.014146 -0.014146 0.0661337 118.779
840000 -0.0274752 0.0274752 0.0505574 90.8032
841000 0.051913 -0.051913 0.0373962 67.1651
842000 0.0213541 -0.0213541 0.0703717 126.391
843000 0.00739316 -0.00739316 0.0480689 86.3337
844000 0.0202139 -0.0202139 -0.00241633 -4.33983
845000 0.0287526 -0.0287526 -0.0409991 -73.6362
846000 0.0157774 -0.0157774 0.0248709 44.6691
847000 0.0131356 -0.0131356 -0.0520812 -93.54
848000 0.051979 -0.051979 0.0452623 81.293
849000 0.0248809 -0.0248809 0.00419856 7.5408
850000 0.00779238 -0.00779238 0.0499655 89.7401
851000 0.00133886 -0.00133886 -0.00773998 -13.9013
852000 0.00291567 -0.00291567 -0.0392782 -70.5454
853000 -0.0351433 0.0351433 -0.0171356 -30.7763
854000 -0.0202899 0.0202899 -0.0107461 -19.3004
855000 0.012595 -0.012595 0.00881296 15.8285
856000 0.0136971 -0.0136971 -0.0161052 -28.9256
857000 -0.00328357 0.00328357 -0.0203472 -36.5444
858000 -0.0244217 0.0244217 0.0493796 88.6878
859000 -0.0338414 0.0338414 -0.000923293 -1.65827
860000 0.03815 -0.03815 0.0504568 90.6225
861000 0.00682026 -0.00682026 -0.038623 -69.3685
862000 0.00207494 -0.00207494 -0.0377049 -67.7196
863000 -0.0310559 0.0310559 0.0269145 48.3397
864000 -0.0286473 0.0286473 0.0920416 165.311
865000 0.0178331 -0.0178331 -0.00618763 -11.1133
866000 -0.0578526 0.0578526 -0.0318929 -57.281
867000 -0.00126275 0.00126275 0.129515 232.614
868000 0.0602341 -0.0602341 -0.0325418 -58.4465
869000 -0.00132484 0.00132484 0.012653 22.7253
870000 -0.0437276 0.0437276 0.0318573 57.2172
871000 0.0286617 -0.0286617 -0.0182375 -32.7554
872000 0.0113989 -0.0113989 0.000394482 0.708506
873000 -0.060654 0.060654 0.0495166 88.934
874000 -0.00125911 0.00125911 0.0254378 45.6873
875000 -0.00998834 0.00998834 0.0339305 60.9407
876000 -0.0224743 0.0224743 0.0193919 34.8287
877000 -0.0443374 0.0443374 0.00686367 12.3274
878000 -0.0360824 0.0360824 -0.0490111 -88.0261
879000 0.0321675 -0.0321675 0.00732618 13.1581
880000 -0.00309101 0.00309101 -0.0326389 -58.6209
881000 0.00732293 -0.00732293 0.00539706 9.69336
882000 -0.0216343 0.0216343 -0.0147489 -26.4896
883000 -0.0205067 0.0205067 0.0178917 32.1343
884000 0.000968308 -0.000968308 0.00765158 13.7426
885000 -0.0479949 0.0479949 -0.114513 -205.67
886000 -0.00227087 0.00227087 0.0430808 77.3749
887000 -0.0316111 0.0316111 0.0258596 46.4449
888000 -0.00352171 0.00352171 0.0552511 99.2333
889000 0.0313052 -0.0313052 0.0315738 56.708
890000 0.000391116 -0.000391116 0.0587961 105.6
891000 0.0114472 -0.0114472 0.0442748 79.5194
892000 0.0295205 -0.0295205 0.0185221 33.2665
893000 0.0167464 -0.0167464 0.0119788 21.5145
894000 0.0326928 -0.0326928 0.0529 95.0106
895000 0.0285986 -0.0285986 0.0818986 147.093
896000 0.0374002 -0.0374002 0.048653 87.3829
897000 0.0213498 -0.0213498 -0.0214916 -38.5998
898000 -0.00564698 0.00564698 0.0151929 27.2872
899000 -0.0110847 0.0110847 -0.0508263 -91.2862
900000 -0.0253983 0.0253983 0.00732962 13.1643
901000 -0.00265267 0.00265267 -0.0884441 -158.849
902000 0.00363404 -0.00363404 0.00597627 10.7336
903000 0.0198397 -0.0198397 -0.0412455 -74.0786
904000 0.00740349 -0.00740349 -0.0357452 -64.1999
905000 0.00868544 -0.00868544 -0.131811 -236.737
906000 0.0505349 -0.0505349 0.00325485 5.84586
907000 -0.0105215 0.0105215 -0.00822858 -14.7789
908000 0.0253534 -0.0253534 0.0368008 66.0959
909000 -0.0230684 0.0230684 -0.0126446 -22.7103
910000 0.0361168 -0.0361168 -0.00488775 -8.77861
911000 0.0219389 -0.0219389 -0.0319853 -57.4471
912000 -0.0175363 0.0175363 0.0420551 75.5328
913000 0.0420039 -0.0420039 0.0270956 48.6648
914000 -0.049381 0.049381 -0.0268513 -48.2262
915000 0.00313537 -0.00313537 0.0457536 82.1754
916000 0.02733 -0.02733 0.0115952 20.8255
917000 -0.0110169 0.0110169 -0.00127152 -2.28371
918000 -0.0147545 0.0147545 0.00240639 4.32198
919000 0.00625101 -0.00625101 0.0148246 26.6256
920000 0.0210809 -0.0210809 0.0660391 118.609
921000 -0.0353684 0.0353684 0.00829521 14.8985
922000 -0.0203969 0.0203969 0.0302436 54.3189
923000 -0.00330531 0.00330531 0.0307638 55.2531
924000 0.0110073 -0.0110073 0.0479652 86.1475
925000 0.0178665 -0.0178665 0.014633 26.2814
926000 -0.00306498 0.00306498 -0.0200943 -36.0903
927000 -0.00240493 0.00240493 -0.056605 -101.665
928000 0.00981847 -0.00981847 -0.0255547 -45.8973
929000 0.0199391 -0.0199391 -0.0355529 -63.8545
930000 -0.0140264 0.0140264 0.0257322 46.2162
931000 -0.00348445 0.00348445 0.00454713 8.16685
932000 0.0157427 -0.0157427 -0.0344483 -61.8706
933000 0.0104459 -0.0104459 0.0808208 145.158
934000 -0.015285 0.015285 0.000192794 0.346266
935000 0.0365485 -0.0365485 0.0119269 21.4213
936000 -0.0361805 0.0361805 0.0618197 111.031
937000 0.00610374 -0.00610374 0.0433191 77.803
938000 -0.0170347 0.0170347 0.0777618 139.664
939000 -0.0390791 0.0390791 0.0197733 35.5137
940000 -0.0103527 0.0103527 -0.0372886 -66.972
941000 -0.0253726 0.0253726 0.0110302 19.8106
942000 -0.0133175 0.0133175 -0.00910099 -16.3458
943000 0.015794 -0.015794 -0.0947874 -170.242
944000 0.0462629 -0.0462629 0.0216581 38.899
945000 -0.00223802 0.00223802 0.0832899 149.592
946000 -0.0163236 0.0163236 0.0111148 19.9626
947000 0.0214581 -0.0214581 0.0130603 23.4569
948000 0.00125224 -0.00125224 0.0172891 31.052
949000 0.0270065 -0.0270065 0.0141353 25.3876
950000 -0.000417952 0.000417952 0.0235763 42.3441
951000 0.0133161 -0.0133161 -0.00513326 -9.21955
952000 0.0540859 -0.0540859 0.00522002 9.37538
953000 -0.00335864 0.00335864 -0.0584589 -104.995
954000 0.0110562 -0.0110562 0.0755867 135.757
955000 0.00867942 -0.00867942 -0.0321366 -57.7186
956000 -0.010743 0.010743 0.0758 136.14
957000 0.000149559 -0.000149559 0.0327038 58.7374
958000 0.00882456 -0.00882456 0.00362455 6.50985
959000 -0.0588947 0.0588947 0.000326703 0.586773
960000 0.0324445 -0.0324445 -0.0445962 -80.0967
961000 0.0161535 -0.0161535 -0.0503253 -90.3864
962000 0.0194486 -0.0194486 -0.0217005 -38.9751
963000 0.0312403 -0.0312403 0.0145596 26.1497
964000 0.00610046 -0.00610046 -0.0385671 -69.2682
965000 0.00109895 -0.00109895 -0.115942 -208.236
966000 -0.00247949 0.00247949 0.0513067 92.1491
967000 0.00192155 -0.00192155 0.0209389 37.6071
968000 -0.0181565 0.0181565 -0.0248095 -44.559
969000 -0.0106777 0.0106777 0.00265349 4.76579
970000 -0.0221584 0.0221584 0.00329754 5.92253
971000 0.00698919 -0.00698919 -0.0448987 -80.6399
972000 0.0209353 -0.0209353 -0.0288479 -51.8121
973000 0.00513172 -0.00513172 0.058574 105.201
974000 0.029571 -0.029571 0.0339652 61.003
975000 0.0429462 -0.0429462 0.0073211 13.149
976000 0.00379649 -0.00379649 0.0852683 153.145
977000 0.0241483 -0.0241483 0.0535846 96.2402
978000 0.034653 -0.034653 0.070377 126.4
979000 -0.0375539 0.0375539 -0.0146535 -26.3183
980000 0.0596776 -0.0596776 0.00934526 16.7845
981000 -0.0402606 0.0402606 0.125589 225.562
982000 -0.00810844 0.00810844 -0.0692059 -124.297
983000 -0.0111192 0.0111192 0.0714853 128.391
984000 0.0385167 -0.0385167 -0.00543813 -9.76711
985000 -0.000607746 0.000607746 0.0125657 22.5686
986000 0.0421181 -0.0421181 0.0100306 18.0153
987000 0.0325819 -0.0325819 -0.0401108 -72.0407
988000 0.0135262 -0.0135262 -0.00268551 -4.82328
989000 0.0550951 -0.0550951 0.00740736 13.3039
990000 -0.019333 0.019333 -0.0115451 -20.7355
991000 0.0135828 -0.0135828 0.026454 47.5126
992000 -0.00712856 0.00712856 -0.0314568 -56.4977
993000 0.00420561 -0.00420561 0.0403373 72.4476
994000 0.0317085 -0.0317085 -0.0944048 -169.555
995000 0.00800597 -0.00800597 0.00831038 14.9258
996000 -0.00113736 0.00113736 -0.00299594 -5.38084
997000 0.0352102 -0.0352102 -0.00344797 -6.19271
998000 0.0268504 -0.0268504 0.0339478 60.9717
999000 -0.031167 0.031167 0.023636 42.4512
1000000 0.0454828 -0.0454828 0.0897396 161.176
1001000 0.00210523 -0.00210523 0.0121418 21.8071
1002000 0.0262323 -0.0262323 0.0113092 20.3118
1003000 0.0292111 -0.0292111 0.0302184 54.2735
1004000 0.00404478 -0.00404478 0.0396643 71.2388
1005000 -0.0129832 0.0129832 0.0137151 24.6329
1006000 0.0254181 -0.0254181 0.0656615 117.931
1007000 0.00427463 -0.00427463 0.00124486 2.23582
1008000 0.0478966 -0.0478966 0.0172011 30.8939
1009000 0.0271275 -0.0271275 0.0165738 29.7673
1010000 0.0272954 -0.0272954 -0.00443827 -7.97132
1011000 -0.00974529 0.00974529 0.0530489 95.2782
1012000 -0.0144006 0.0144006 0.0978733 175.785
1013000 0.0180057 -0.0180057 0.0779463 139.995
1014000 0.0162445 -0.0162445 -0.0553102 -99.3395
1015000 -0.0349668 0.0349668 0.00562773 10.1076
1016000 0.00747073 -0.00747073 -0.0217083 -38.989
1017000 0.0248435 -0.0248435 -0.0106605 -19.1468
1018000 -0.00535357 0.00535357 0.010481 18.8244
1019000 0.0240511 -0.0240511 0.0578905 103.974
1020000 -0.00380397 0.00380397 -0.057186 -102.708
1021000 0.000668324 -0.000668324 0.0112857 20.2696
1022000 0.0241121 -0.0241121 -0.0408312 -73.3346
1023000 0.0297634 -0.0297634 0.0195869 35.1789
1024000 -0.0267347 0.0267347 0.0650716 116.871
1025000 0.0117789 -0.0117789 0.0667402 119.868
1026000 0.0317467 -0.0317467 -0.108066 -194.091
1027000 0.00341821 -0.00341821 0.009757 17.524
1028000 -0.0196759 0.0196759 0.0277556 49.8502
1029000 -0.00531227 0.00531227 -0.0725097 -130.231
1030000 -0.00393207 0.00393207 -0.0176102 -31.6287
1031000 -0.001582 0.001582 0.0133693 24.0119
1032000 0.00881302 -0.00881302 -0.0332501 -59.7187
1033000 -0.016658 0.016658 -0.00725143 -13.0239
1034000 0.0043159 -0.0043159 0.0216912 38.9583
1035000 0.0125424 -0.0125424 0.019698 35.3785
1036000 -0.0316084 0.0316084 -0.0424491 -76.2405
1037000 -0.00240757 0.00240757 0.0602874 108.279
1038000 0.0328081 -0.0328081 0.0174947 31.4212
1039000 -0.0754109 0.0754109 0.120911 217.162
1040000 -0.00829216 0.00829216 0.0535534 96.1843
1041000 0.0155815 -0.0155815 0.0453526 81.4553
1042000 0.0142989 -0.0142989 -0.00682144 -12.2516
1043000 -0.0231681 0.0231681 -0.0351926 -63.2074
1044000 -0.00314469 0.00314469 0.00977937 17.5642
1045000 0.00846675 -0.00846675 -0.0228967 -41.1234
1046000 -0.0169534 0.0169534 0.0842962 151.4
1047000 -0.0375939 0.0375939 0.02658 47.7388
1048000 -0.0243105 0.0243105 0.0382338 68.6695
1049000 0.008866 -0.008866 0.00929549 16.6951
1050000 0.00809816 -0.00809816 0.037623 67.5725
1051000 0.0438526 -0.0438526 0.003867 6.94529
1052000 -0.0157241 0.0157241 -0.00105501 -1.89484
1053000 0.0163761 -0.0163761 0.0228114 40.9703
1054000 0.00721804 -0.00721804 0.0145181 26.0751
1055000 0.021154 -0.021154 0.0563799 101.261
1056000 0.0166027 -0.0166027 0.056463 101.41
1057000 -0.0355477 0.0355477 0.00400326 7.19002
1058000 -0.0324245 0.0324245 0.00990585 17.7913
1059000 -0.00466634 0.00466634 -0.0104541 -18.7759
1060000 -0.00333017 0.00333017 0.0145596 26.1496
1061000 0.0083974 -0.0083974 -0.0460824 -82.766
1062000 0.0184806 -0.0184806 0.00105722 1.89881
1063000 -0.0192579 0.0192579 -0.014075 -25.2793
1064000 -0.000793798 0.000793798 -0.0141052 -25.3335
1065000 0.00741268 -0.00741268 -0.0714022 -128.241
1066000 0.0199836 -0.0199836 0.00786901 14.1331
1067000 -0.0120477 0.0120477 0.000766859 1.37731
1068000 0.000575591 -0.000575591 0.0429349 77.1129
1069000 -0.0571817 0.0571817 0.00479178 8.60625
1070000 -0.00692012 0.00692012 -0.0266348 -47.8372
1071000 0.0356775 -0.0356775 0.0195575 35.1261
1072000 -0.00223715 0.00223715 0.00458159 8.22873
1073000 0.0110954 -0.0110954 -0.0180657 -32.4468
1074000 -0.00409948 0.00409948 0.0739111 132.747
1075000 0.00932187 -0.00932187 -0.000375419 -0.674269
1076000 0.00130711 -0.00130711 0.0633336 113.75
1077000 -0.00310188 0.00310188 -0.014075 -25.2792
1078000 0.00839983 -0.00839983 -0.020208 -36.2944
1079000 -0.000117668 0.000117668 0.0104461 18.7616
1080000 0.00300723 -0.00300723 0.00733693 13.1774
1081000 0.00970165 -0.00970165 -0.0840081 -150.882
1082000 -0.0244236 0.0244236 0.0684456 122.931
1083000 -0.0191339 0.0191339 0.00401217 7.20602
1084000 -0.00805348 0.00805348 -0.0295361 -53.0482
1085000 -0.0143024 0.0143024 -0.0711458 -127.781
1086000 0.0110077 -0.0110077 0.00611232 10.978
1087000 -0.0116327 0.0116327 -0.0471521 -84.6872
1088000 -0.0185425 0.0185425 -0.0033767 -6.06471
1089000 0.0238723 -0.0238723 -0.0665877 -119.594
1090000 -0.00105019 0.00105019 -0.00607258 -10.9066
1091000 -0.00635041 0.00635041 0.0566434 101.734
1092000 0.0239131 -0.0239131 -0.0244658 -43.9416
1093000 -0.0367149 0.0367149 0.0982486 176.459
1094000 -0.000155819 0.000155819 0.0305226 54.82
1095000 -0.00856757 0.00856757 0.0292494 52.5331
1096000 0.018741 -0.018741 -0.0244716 -43.9521
1097000 -0.0267078 0.0267078 0.0416607 74.8244
1098000 0.0225991 -0.0225991 -0.0481412 -86.4636
1099000 0.0292701 -0.0292701 0.0699014 125.546
1100000 0.0356367 -0.0356367 -0.0300891 -54.0413
