# Time-averaged data for fix 4
# TimeStep v_sigma_xx_lip v_sigma_yy_lip v_sigma_zz_lip
101000 0.00200822 -0.00200822 0.011546
102000 -0.000394993 0.000394993 0.023893
103000 -0.00352602 0.00352602 0.00896001
104000 -0.002155 0.002155 0.00971284
105000 0.000831306 -0.000831306 0.0166687
106000 0.00314802 -0.00314802 0.008636
107000 0.000633668 -0.000633668 0.013156
108000 -0.00047535 0.00047535 0.0133063
109000 -0.00314664 0.00314664 0.0140783
110000 -0.00155058 0.00155058 0.0127148
111000 0.00411649 -0.00411649 0.0126294
112000 0.00173881 -0.00173881 0.0251273
113000 0.00267475 -0.00267475 0.0186227
114000 0.00122102 -0.00122102 0.0127014
115000 0.00156336 -0.00156336 0.0192981
116000 -0.001841 0.001841 0.0175504
117000 -0.00557248 0.00557248 0.0148219
118000 0.00158613 -0.00158613 0.0181307
119000 0.00102631 -0.00102631 0.0172406
120000 0.0016007 -0.0016007 0.0135519
121000 0.000746154 -0.000746154 0.0104452
122000 -0.00255737 0.00255737 0.0143804
123000 0.000650044 -0.000650044 0.0240519
124000 0.00194462 -0.00194462 0.000344602
125000 0.00140261 -0.00140261 0.00969021
126000 -0.00159687 0.00159687 0.0159714
127000 0.00022991 -0.00022991 0.0100664
128000 -0.000498361 0.000498361 0.0142274
129000 0.00281654 -0.00281654 0.0125055
130000 0.00148454 -0.00148454 0.0109723
131000 0.000684454 -0.000684454 0.00912283
132000 -0.00230243 0.00230243 0.00665258
133000 0.00300764 -0.00300764 0.00910796
134000 -0.00248508 0.00248508 0.0184165
135000 0.00274749 -0.00274749 0.0215626
136000 -0.00247054 0.00247054 0.0150895
137000 -0.000192189 0.000192189 0.0127066
138000 -0.0015764 0.0015764 0.00591813
139000 0.000170342 -0.000170342 0.0045408
140000 -0.00255662 0.00255662 0.0118353
141000 0.000827449 -0.000827449 0.0152457
142000 -0.000475533 0.000475533 0.00180994
143000 -0.000761604 0.000761604 0.00912605
144000 -0.00265871 0.00265871 0.0188155
145000 0.000845672 -0.000845672 0.013124
146000 -0.000339983 0.000339983 0.0126287
147000 -0.00216066 0.00216066 0.0059434
148000 0.00243693 -0.00243693 0.00815083
149000 -0.00210931 0.00210931 0.00440084
150000 -0.000581957 0.000581957 0.0182947
151000 0.000779665 -0.000779665 0.0140125
152000 -0.00267261 0.00267261 0.0134203
153000 -9.79787e-05 9.79787e-05 0.0129929
154000 0.000464624 -0.000464624 0.00573889
155000 -0.000709773 0.000709773 0.0130885
156000 0.00365499 -0.00365499 0.0209367
157000 -0.00180366 0.00180366 0.0252546
158000 -0.00169806 0.00169806 0.0174295
159000 0.000722122 -0.000722122 0.0202209
160000 -0.00225831 0.00225831 0.012001
161000 -0.00081246 0.00081246 0.0163321
162000 -0.00223132 0.00223132 0.010638
163000 0.001276 -0.001276 0.0163937
164000 -0.00146391 0.00146391 0.0145568
165000 0.00048472 -0.00048472 0.0124579
166000 0.00151981 -0.00151981 0.0184792
167000 -0.000395303 0.000395303 0.0114519
168000 -0.00163388 0.00163388 0.00834385
169000 0.000354587 -0.000354587 0.0150755
170000 -0.00177424 0.00177424 0.0119497
171000 -0.0002449 0.0002449 0.0201429
172000 0.00176399 -0.00176399 0.00788061
173000 0.00257058 -0.00257058 0.00868471
174000 -0.00255924 0.00255924 0.0118105
175000 -0.00182412 0.00182412 0.00643179
176000 0.000769836 -0.000769836 0.0131635
177000 0.00172306 -0.00172306 0.0143128
178000 0.00210717 -0.00210717 0.012785
179000 -0.00384107 0.00384107 0.00701125
180000 0.00511834 -0.00511834 0.0129685
181000 -0.000141636 0.000141636 0.0128894
182000 -0.002288 0.002288 0.0152023
183000 0.000973437 -0.000973437 0.0214195
184000 -0.00321525 0.00321525 0.0138227
185000 -0.00156472 0.00156472 0.0187855
186000 -0.00286406 0.00286406 0.0231585
187000 0.0027721 -0.0027721 0.0140114
188000 -0.0021546 0.0021546 0.0091095
189000 0.00127297 -0.00127297 0.011576
190000 0.000391967 -0.000391967 0.0167531
191000 -0.000984791 0.000984791 0.0141167
192000 0.00143201 -0.00143201 0.00942909
193000 0.00101129 -0.00101129 0.0157026
194000 0.00324179 -0.00324179 0.00966577
195000 -0.00324549 0.00324549 -0.000201149
196000 0.000339861 -0.000339861 -0.00161515
197000 0.000719281 -0.000719281 0.0110815
198000 -0.000234846 0.000234846 0.0129031
199000 -0.00262265 0.00262265 0.0169015
200000 -0.00240618 0.00240618 0.013661
201000 -0.000955733 0.000955733 0.00738178
202000 -0.000388747 0.000388747 0.0203491
203000 0.00239237 -0.00239237 0.0110553
204000 -0.00313698 0.00313698 0.0190753
205000 -0.000694805 0.000694805 0.0123044
206000 -0.000411463 0.000411463 0.0134846
207000 -0.00381054 0.00381054 0.0162389
208000 -0.000301444 0.000301444 0.02434
209000 0.00140927 -0.00140927 0.0168492
210000 -0.00340448 0.00340448 0.013475
211000 -0.00143279 0.00143279 0.0109999
212000 0.00304024 -0.00304024 0.0298885
213000 0.0022121 -0.0022121 0.0158667
214000 -0.00114616 0.00114616 0.0154519
215000 0.000940675 -0.000940675 0.0215691
216000 0.000980069 -0.000980069 0.00402056
217000 -0.000534628 0.000534628 0.0198047
218000 -0.00259173 0.00259173 0.0206599
219000 -0.0021481 0.0021481 0.0203404
220000 0.000671136 -0.000671136 0.0170595
221000 0.00373216 -0.00373216 0.00948322
222000 0.000803119 -0.000803119 0.00668426
223000 -0.00104602 0.00104602 0.00919925
224000 0.00203218 -0.00203218 0.00488139
225000 -0.000278634 0.000278634 0.014827
226000 0.0022808 -0.0022808 0.0183816
227000 0.00212304 -0.00212304 0.0206404
228000 0.000940565 -0.000940565 0.0127303
229000 0.000207708 -0.000207708 0.00994159
230000 -0.00186104 0.00186104 0.00542872
231000 -1.08174e-05 1.08174e-05 0.0130969
232000 0.000863552 -0.000863552 0.0174185
233000 0.00027887 -0.00027887 0.0249034
234000 -0.00101336 0.00101336 0.00433987
235000 -0.00102777 0.00102777 0.00878169
236000 -0.000257773 0.000257773 0.00464712
237000 -0.000226078 0.000226078 0.00889813
238000 -0.00126456 0.00126456 0.0154866
239000 0.000363544 -0.000363544 0.0148024
240000 -0.000189356 0.000189356 0.0153065
241000 0.00025633 -0.00025633 0.0247806
242000 0.00201519 -0.00201519 0.015183
243000 0.000718737 -0.000718737 0.0175834
244000 0.000636553 -0.000636553 0.0164392
245000 -0.000592188 0.000592188 0.0162121
246000 0.000908958 -0.000908958 0.00270024
247000 -0.00192471 0.00192471 0.0159323
248000 -0.000739932 0.000739932 0.010348
249000 0.000741076 -0.000741076 0.0146467
250000 0.00181354 -0.00181354 0.00770109
251000 0.000473102 -0.000473102 0.0116538
252000 -0.00248112 0.00248112 0.0153316
253000 0.00200943 -0.00200943 0.00746706
254000 0.00125731 -0.00125731 0.009417
255000 0.00224583 -0.00224583 0.00796411
256000 0.00135713 -0.00135713 0.00633748
257000 -0.000741359 0.000741359 0.018789
258000 -0.0014408 0.0014408 0.007914
259000 -0.0019631 0.0019631 0.0165521
260000 -0.00121488 0.00121488 0.0131654
261000 0.00058569 -0.00058569 0.00346907
262000 0.00264094 -0.00264094 0.0115509
263000 0.000752103 -0.000752103 0.0104195
264000 -0.000752471 0.000752471 0.00636981
265000 0.00192096 -0.00192096 0.0176672
266000 0.00207231 -0.00207231 0.0153194
267000 -0.00119863 0.00119863 0.0123827
268000 -0.00186026 0.00186026 0.0221885
269000 -0.00023884 0.00023884 0.0179826
270000 -0.0025944 0.0025944 0.0172424
271000 0.0020443 -0.0020443 0.0166469
272000 -0.00168682 0.00168682 0.0108358
273000 0.00149883 -0.00149883 0.000135502
274000 0.00140101 -0.00140101 0.00378825
275000 -0.000643614 0.000643614 0.00772273
276000 -0.000763523 0.000763523 0.00941584
277000 0.0013128 -0.0013128 0.0138799
278000 -0.000793393 0.000793393 0.0135307
279000 -0.001268 0.001268 0.013294
280000 -8.49437e-05 8.49437e-05 0.0224715
281000 0.00275982 -0.00275982 0.0163706
282000 0.00421785 -0.00421785 0.00848388
283000 0.00042272 -0.00042272 0.0113313
284000 0.000410791 -0.000410791 0.016722
285000 0.000397633 -0.000397633 0.0117758
286000 -0.00262449 0.00262449 0.0142073
287000 0.000126154 -0.000126154 0.0170409
288000 0.00246534 -0.00246534 0.0117066
289000 -0.00197577 0.00197577 0.0108025
290000 -0.00177837 0.00177837 0.0103897
291000 -0.00415662 0.00415662 0.0111963
292000 -0.0011035 0.0011035 0.0080832
293000 0.00292411 -0.00292411 0.0157247
294000 0.00130617 -0.00130617 0.0163653
295000 -0.00243622 0.00243622 0.0124764
296000 0.00174502 -0.00174502 0.016051
297000 -0.000604607 0.000604607 0.0122401
298000 -0.00112291 0.00112291 0.013161
299000 -0.000673917 0.000673917 0.0141489
300000 0.00033728 -0.00033728 0.0136361
301000 0.00164993 -0.00164993 0.00531776
302000 0.00045082 -0.00045082 0.0147216
303000 0.000730844 -0.000730844 0.020916
304000 0.00467109 -0.00467109 0.0145015
305000 -0.00106638 0.00106638 0.0122164
306000 0.00270197 -0.00270197 0.0158437
307000 -0.000383589 0.000383589 0.0197266
308000 -0.0033775 0.0033775 0.0106459
309000 0.00179879 -0.00179879 0.0209155
310000 0.000741175 -0.000741175 0.0199173
311000 0.0028687 -0.0028687 0.0167043
312000 -0.00169529 0.00169529 0.00917687
313000 -0.00160448 0.00160448 0.00901752
314000 0.00135341 -0.00135341 0.0144533
315000 -0.000277543 0.000277543 0.016657
316000 0.00150403 -0.00150403 0.00680831
317000 -0.00283821 0.00283821 0.0143809
318000 -0.000307499 0.000307499 0.00867132
319000 0.00198833 -0.00198833 0.0130507
320000 0.00203229 -0.00203229 0.0104182
321000 -0.00107464 0.00107464 0.0162659
322000 -8.55713e-05 8.55713e-05 0.00822654
323000 -0.000608503 0.000608503 0.00970603
324000 -0.000815013 0.000815013 0.0140595
325000 0.00188274 -0.00188274 0.0177042
326000 -3.06986e-05 3.06986e-05 0.00681517
327000 0.00141158 -0.00141158 0.0106721
328000 0.00140924 -0.00140924 0.00359573
329000 -0.00138618 0.00138618 0.00664821
330000 -0.00280717 0.00280717 0.0170164
331000 0.00224614 -0.00224614 0.0240671
332000 0.00119698 -0.00119698 0.0159025
333000 0.0010954 -0.0010954 0.00855599
334000 -0.000444344 0.000444344 0.0087591
335000 5.58914e-05 -5.58914e-05 0.0112159
336000 -0.000918514 0.000918514 0.0113214
337000 -0.000829975 0.000829975 0.00582766
338000 -1.76587e-05 1.76587e-05 0.0086313
339000 0.00361257 -0.00361257 0.0102929
340000 0.00232642 -0.00232642 0.0151754
341000 0.00167247 -0.00167247 0.00692769
342000 -0.00107498 0.00107498 0.0189495
343000 -0.000563167 0.000563167 0.012212
344000 0.000423328 -0.000423328 0.0173456
345000 0.00133553 -0.00133553 0.00598731
346000 -0.000956819 0.000956819 0.00881953
347000 0.000140713 -0.000140713 0.0194319
348000 -0.00118305 0.00118305 0.0154116
349000 -0.000986129 0.000986129 0.019001
350000 0.00333917 -0.00333917 0.00742398
351000 -0.000850298 0.000850298 0.0113897
352000 0.00535188 -0.00535188 0.0107712
353000 -0.0030237 0.0030237 0.00811429
354000 -0.000187011 0.000187011 0.0124292
355000 0.00115495 -0.00115495 0.0084308
356000 -0.00171706 0.00171706 0.0139492
357000 0.000237127 -0.000237127 0.00976205
358000 -0.000276563 0.000276563 0.018159
359000 -0.00154997 0.00154997 0.0125088
360000 -0.00146059 0.00146059 0.0128977
361000 -0.00211257 0.00211257 0.0157769
362000 0.00308521 -0.00308521 0.0186028
363000 -0.000954776 0.000954776 0.0262118
364000 0.00489441 -0.00489441 0.0161981
365000 -0.00297573 0.00297573 0.00615081
366000 9.35675e-05 -9.35675e-05 0.00467677
367000 -0.000260809 0.000260809 0.0181112
368000 -0.000669322 0.000669322 0.0125995
369000 0.000406886 -0.000406886 0.00212359
370000 -0.00147487 0.00147487 0.000437197
371000 0.00227777 -0.00227777 0.00698611
372000 0.000491 -0.000491 0.016225
373000 -9.45357e-05 9.45357e-05 0.0135228
374000 -3.92283e-05 3.92283e-05 0.0146776
375000 0.00110876 -0.00110876 0.0125062
376000 -0.000561074 0.000561074 0.0142547
377000 -0.000932195 0.000932195 0.00603939
378000 -0.00214103 0.00214103 0.00886963
379000 0.000788663 -0.000788663 0.0150325
380000 0.00186363 -0.00186363 0.0105456
381000 -0.000432474 0.000432474 0.0116336
382000 0.000315317 -0.000315317 0.0136694
383000 0.00173621 -0.00173621 0.00556486
384000 0.00195061 -0.00195061 0.0133085
385000 -0.00373597 0.00373597 0.0161088
386000 0.000924041 -0.000924041 0.016519
387000 0.00159577 -0.00159577 0.0150264
388000 0.00198585 -0.00198585 0.0136777
389000 -0.00200206 0.00200206 0.0118006
390000 0.000248459 -0.000248459 0.017821
391000 -0.00126234 0.00126234 0.00631413
392000 -0.000262753 0.000262753 0.000238427
393000 0.00118608 -0.00118608 0.00849057
394000 0.000620885 -0.000620885 0.00759781
395000 -0.000375332 0.000375332 -0.00376138
396000 -0.00117811 0.00117811 0.00913122
397000 -0.00150475 0.00150475 0.00666373
398000 -0.00339535 0.00339535 0.00754023
399000 -2.71175e-05 2.71175e-05 0.00961146
400000 -0.00313455 0.00313455 0.0225956
401000 -0.0015205 0.0015205 0.0137505
402000 -0.000710828 0.000710828 0.00628656
403000 0.00162839 -0.00162839 0.00589449
404000 -0.0012035 0.0012035 0.00783296
405000 0.00199193 -0.00199193 0.00575958
406000 0.0011198 -0.0011198 0.00789574
407000 -0.00227764 0.00227764 0.0202761
408000 0.00412137 -0.00412137 0.00793852
409000 0.000656005 -0.000656005 0.00220122
410000 -0.00167642 0.00167642 0.0146856
411000 -0.00359642 0.00359642 0.00841486
412000 -0.00237396 0.00237396 0.00872739
413000 -0.00119881 0.00119881 0.00175628
414000 -0.000132937 0.000132937 0.00828392
415000 -0.00010094 0.00010094 0.0164024
416000 5.9793e-05 -5.9793e-05 0.00935472
417000 -0.0012691 0.0012691 0.0121873
418000 -0.0021065 0.0021065 0.0112426
419000 0.00183887 -0.00183887 0.0106464
420000 -0.000827317 0.000827317 0.00770796
421000 -0.000205315 0.000205315 0.0098516
422000 0.000504259 -0.000504259 0.0100997
423000 -0.00125715 0.00125715 0.00730538
424000 -0.00159129 0.00159129 0.0142393
425000 0.00110401 -0.00110401 0.0240403
426000 -0.0049175 0.0049175 0.00250473
427000 0.000503505 -0.000503505 0.00948784
428000 -0.000497955 0.000497955 0.0148003
429000 -0.000198075 0.000198075 0.0133889
430000 0.00283916 -0.00283916 0.0111401
431000 -0.00132304 0.00132304 0.0029661
432000 -0.00134831 0.00134831 0.00610768
433000 0.00126404 -0.00126404 0.0175729
434000 -0.0019653 0.0019653 0.0017061
435000 0.00358609 -0.00358609 0.00229845
436000 0.000351503 -0.000351503 0.0097341
437000 0.00134073 -0.00134073 0.000680786
438000 0.00135318 -0.00135318 0.0157043
439000 -0.000772697 0.000772697 0.0204823
440000 -0.000235492 0.000235492 0.0158007
441000 -0.0011357 0.0011357 0.0084538
442000 0.0013164 -0.0013164 0.00972928
443000 -6.72812e-06 6.72812e-06 0.00505749
444000 -0.00080155 0.00080155 0.00852393
445000 0.000536391 -0.000536391 0.0136787
446000 -0.00127021 0.00127021 0.0017084
447000 0.000114158 -0.000114158 0.0163654
448000 -0.000137589 0.000137589 0.00280186
449000 -0.00100283 0.00100283 0.0129688
450000 0.000995183 -0.000995183 0.0171331
451000 0.000242569 -0.000242569 0.01096
452000 0.00120791 -0.00120791 -0.00101331
453000 -0.00105999 0.00105999 -0.00429976
454000 -0.00096357 0.00096357 0.00785936
455000 -0.00441824 0.00441824 0.0115965
456000 -0.000870524 0.000870524 0.0137863
457000 -0.00120385 0.00120385 0.00661117
458000 0.00286015 -0.00286015 0.0117638
459000 0.0014254 -0.0014254 0.00824795
460000 -0.00213148 0.00213148 0.0104444
461000 0.00151842 -0.00151842 0.00971027
462000 0.00430419 -0.00430419 0.0133903
463000 0.000482756 -0.000482756 0.0167022
464000 0.000978958 -0.000978958 0.0194715
465000 -0.00342788 0.00342788 0.00591701
466000 0.000807294 -0.000807294 0.00305412
467000 0.00073334 -0.00073334 0.0152589
468000 0.000848141 -0.000848141 0.0222036
469000 -0.00236605 0.00236605 0.0117505
470000 0.00174973 -0.00174973 0.011681
471000 0.00150104 -0.00150104 0.0106106
472000 0.00138863 -0.00138863 0.0169372
473000 0.000478563 -0.000478563 0.0147553
474000 -0.00068837 0.00068837 0.00878801
475000 0.00262505 -0.00262505 0.0095881
476000 -0.000297679 0.000297679 0.0122587
477000 0.000310259 -0.000310259 0.0200467
478000 0.00238659 -0.00238659 0.0233093
479000 0.00264327 -0.00264327 0.0106333
480000 0.000251953 -0.000251953 0.0119182
481000 -0.00023712 0.00023712 0.0110086
482000 0.000802058 -0.000802058 0.0209551
483000 0.00107401 -0.00107401 0.019166
484000 -0.0026459 0.0026459 0.0132137
485000 0.00423964 -0.00423964 0.0165219
486000 0.000907935 -0.000907935 0.00958324
487000 -0.00308466 0.00308466 0.0214241
488000 0.00261461 -0.00261461 0.0230276
489000 0.00141099 -0.00141099 0.0129755
490000 -0.00147704 0.00147704 0.0151149
491000 -0.00239998 0.00239998 0.00626942
492000 -0.00102813 0.00102813 0.0102118
493000 -0.00343267 0.00343267 0.0135062
494000 0.00067289 -0.00067289 0.0187314
495000 -0.00026021 0.00026021 0.0230697
496000 0.00210064 -0.00210064 0.0158729
497000 0.00426514 -0.00426514 0.018245
498000 -0.00126413 0.00126413 0.0114499
499000 0.000956772 -0.000956772 0.0198406
500000 0.0020412 -0.0020412 0.011447
501000 -0.00233561 0.00233561 0.014354
502000 0.0025286 -0.0025286 0.011211
503000 0.00192673 -0.00192673 0.0142706
504000 0.00197977 -0.00197977 0.0148629
505000 0.000247031 -0.000247031 0.0178608
506000 0.000675943 -0.000675943 0.0117681
507000 0.00185392 -0.00185392 0.00768939
508000 -0.000961175 0.000961175 0.0261053
509000 0.000356702 -0.000356702 0.0306559
510000 -0.00263226 0.00263226 0.0202648
511000 0.00181311 -0.00181311 0.0114608
512000 0.000713774 -0.000713774 0.0101258
513000 -0.000100408 0.000100408 0.016273
514000 -0.00258177 0.00258177 0.0175636
515000 0.00114805 -0.00114805 0.0140797
516000 0.000689905 -0.000689905 0.0186387
517000 0.000485202 -0.000485202 0.0167765
518000 0.00124588 -0.00124588 0.0156955
519000 0.000120021 -0.000120021 0.0123661
520000 -0.00190374 0.00190374 0.0106369
521000 0.00197412 -0.00197412 0.0170317
522000 0.00236676 -0.00236676 0.0137348
523000 0.00111871 -0.00111871 0.0190826
524000 0.000445611 -0.000445611 0.0181419
525000 -0.00302326 0.00302326 0.0148948
526000 0.00233425 -0.00233425 0.00425062
527000 -0.000835916 0.000835916 0.0112652
528000 -0.00158044 0.00158044 0.0167757
529000 0.00182842 -0.00182842 0.0138421
530000 -0.00227641 0.00227641 0.0057747
531000 0.00257186 -0.00257186 0.012979
532000 -0.000888244 0.000888244 0.0120595
533000 0.00114946 -0.00114946 0.00569446
534000 -0.00129776 0.00129776 0.00255897
535000 -0.00189211 0.00189211 0.00944234
536000 0.00100962 -0.00100962 0.00793202
537000 -2.59649e-06 2.59649e-06 0.0172776
538000 -0.000827242 0.000827242 0.0184372
539000 0.000665255 -0.000665255 0.0199352
540000 -0.00180272 0.00180272 0.024538
541000 -0.00129978 0.00129978 0.0112427
542000 -0.00354196 0.00354196 0.01581
543000 0.00237122 -0.00237122 0.00878844
544000 0.00192643 -0.00192643 0.0217088
545000 6.38154e-05 -6.38154e-05 0.0171973
546000 -0.000954859 0.000954859 0.0131449
547000 0.00268342 -0.00268342 0.0139106
548000 -0.00166616 0.00166616 0.00161221
549000 -0.00291032 0.00291032 0.00442645
550000 -0.00194071 0.00194071 0.0123524
551000 0.00035913 -0.00035913 0.00923847
552000 -0.00152554 0.00152554 0.0131951
553000 0.000200018 -0.000200018 0.0135052
554000 -0.00265475 0.00265475 0.0126684
555000 -0.00405634 0.00405634 0.0111035
556000 0.000889841 -0.000889841 0.0113132
557000 0.000985237 -0.000985237 0.0109072
558000 0.000778678 -0.000778678 0.00549562
559000 0.000503243 -0.000503243 0.00439059
560000 0.00489495 -0.00489495 0.00662147
561000 -0.00284153 0.00284153 0.00778051
562000 5.22073e-05 -5.22073e-05 0.00363654
563000 -0.00335133 0.00335133 0.01029
564000 -0.00173284 0.00173284 0.00748928
565000 0.00129104 -0.00129104 0.0153117
566000 0.00239344 -0.00239344 0.0119207
567000 -7.96405e-05 7.96405e-05 0.00941475
568000 3.60502e-05 -3.60502e-05 0.00646304
569000 -0.00169981 0.00169981 0.0048438
570000 0.00456827 -0.00456827 0.0168903
571000 -0.000372959 0.000372959 0.00888307
572000 0.00285745 -0.00285745 0.0140443
573000 -0.00189722 0.00189722 0.0140254
574000 -0.000760099 0.000760099 0.00298071
575000 0.000756831 -0.000756831 0.00980453
576000 0.00150082 -0.00150082 0.0114208
577000 0.00197498 -0.00197498 0.0110229
578000 -0.00161706 0.00161706 0.003498
579000 0.00143132 -0.00143132 0.00772137
580000 -0.000547866 0.000547866 0.016016
581000 -0.0034886 0.0034886 0.0154442
582000 0.00261537 -0.00261537 0.0128857
583000 0.00237552 -0.00237552 0.0132823
584000 0.000835068 -0.000835068 0.0249686
585000 -0.00177979 0.00177979 0.0165422
586000 0.00133493 -0.00133493 0.0149516
587000 -0.000553461 0.000553461 0.0173845
588000 -0.000265897 0.000265897 0.0290575
589000 -0.000954152 0.000954152 0.0305383
590000 -0.00180527 0.00180527 0.0169165
591000 0.00117438 -0.00117438 0.0179581
592000 -0.00129133 0.00129133 0.0216379
593000 -0.00112074 0.00112074 0.0174747
594000 -0.000437109 0.000437109 0.0191983
595000 -0.0012785 0.0012785 0.0165981
596000 0.0023253 -0.0023253 0.0114713
597000 0.00249154 -0.00249154 0.00689961
598000 0.000370597 -0.000370597 0.00962968
599000 -0.00275181 0.00275181 0.0141057
600000 0.000305461 -0.000305461 0.0209777
601000 0.00142135 -0.00142135 0.0195215
602000 -0.000137202 0.000137202 0.0188686
603000 0.000778468 -0.000778468 0.0168726
604000 0.000659926 -0.000659926 0.0145087
605000 0.00146419 -0.00146419 0.0124717
606000 -0.00132492 0.00132492 0.00630711
607000 -0.0015164 0.0015164 0.00451725
608000 -0.00179811 0.00179811 0.00518168
609000 0.000659763 -0.000659763 0.00693087
610000 0.00272285 -0.00272285 0.00119129
611000 -0.00108713 0.00108713 0.0103733
612000 0.00140145 -0.00140145 0.0169466
613000 -0.000990218 0.000990218 0.00769742
614000 -0.00144131 0.00144131 0.0122497
615000 -0.00122658 0.00122658 0.0110073
616000 -0.00169779 0.00169779 0.0118739
617000 0.000293778 -0.000293778 0.0142134
618000 -0.000641643 0.000641643 0.0159144
619000 0.00320859 -0.00320859 0.00541171
620000 0.00178005 -0.00178005 0.0124272
621000 -0.000757157 0.000757157 0.01283
622000 -0.00241397 0.00241397 0.00740441
623000 -0.00120612 0.00120612 0.00929244
624000 0.00161507 -0.00161507 0.00943434
625000 -0.00105955 0.00105955 0.0115531
626000 -0.000200917 0.000200917 0.0208071
627000 0.00274642 -0.00274642 0.0115147
628000 -0.00247077 0.00247077 0.00879719
629000 -0.00240119 0.00240119 0.0175987
630000 0.00262478 -0.00262478 0.0228242
631000 -0.00194242 0.00194242 0.0173158
632000 0.000305996 -0.000305996 0.0114858
633000 0.00163774 -0.00163774 0.015944
634000 -0.00235426 0.00235426 0.0136203
635000 -0.000504672 0.000504672 0.0142135
636000 -0.000591639 0.000591639 0.0170165
637000 -0.000180575 0.000180575 0.0252206
638000 -0.000687161 0.000687161 0.010634
639000 -0.0043372 0.0043372 0.00693668
640000 0.00280808 -0.00280808 5.31039e-05
641000 0.000455914 -0.000455914 0.0120495
642000 0.000142487 -0.000142487 0.00744938
643000 0.00197808 -0.00197808 0.0151796
644000 -0.00165605 0.00165605 0.0200037
645000 0.000336175 -0.000336175 0.0202041
646000 -0.00145285 0.00145285 0.017512
647000 -0.0013653 0.0013653 0.0069276
648000 0.00100979 -0.00100979 0.00114162
649000 -0.00228725 0.00228725 0.00960248
650000 -0.00341393 0.00341393 0.0117879
651000 0.000910524 -0.000910524 0.0214928
652000 -0.00221566 0.00221566 0.016143
653000 0.00096636 -0.00096636 0.0153005
654000 0.000575544 -0.000575544 0.0116479
655000 -0.00151931 0.00151931 0.0132496
656000 -0.000674724 0.000674724 0.0112531
657000 0.000543969 -0.000543969 0.00873853
658000 0.000824751 -0.000824751 0.0110879
659000 0.000233425 -0.000233425 0.00861141
660000 0.00163009 -0.00163009 0.00519827
661000 0.0005984 -0.0005984 8.85041e-06
662000 -0.000215234 0.000215234 0.0137559
663000 -0.00277456 0.00277456 0.0158161
664000 0.000634641 -0.000634641 0.0076372
665000 -0.00193842 0.00193842 0.0153071
666000 -0.00244044 0.00244044 0.0139416
667000 0.00203573 -0.00203573 0.00724609
668000 -0.00209781 0.00209781 0.0129922
669000 -0.00177422 0.00177422 0.0144154
670000 0.00244858 -0.00244858 0.0108699
671000 0.00125719 -0.00125719 0.00880205
672000 -0.00168208 0.00168208 0.0195702
673000 0.00084673 -0.00084673 0.00614875
674000 -0.000118829 0.000118829 0.00941501
675000 0.0040955 -0.0040955 0.0120464
676000 0.000537955 -0.000537955 0.00857824
677000 -0.00118313 0.00118313 -0.000779551
678000 -0.000278511 0.000278511 0.01041
679000 0.00155349 -0.00155349 0.0120587
680000 -0.00375838 0.00375838 0.0141918
681000 0.00103167 -0.00103167 0.0212504
682000 0.000602337 -0.000602337 0.0195418
683000 -0.00231583 0.00231583 0.0164695
684000 -0.00156822 0.00156822 0.0112034
685000 -0.00148647 0.00148647 0.0138902
686000 0.00537299 -0.00537299 0.0113154
687000 -0.00313004 0.00313004 0.0141771
688000 -0.00249244 0.00249244 0.0213298
689000 0.000679423 -0.000679423 0.0186004
690000 0.000987061 -0.000987061 0.0167734
691000 0.000140965 -0.000140965 0.00829898
692000 -0.000951169 0.000951169 0.0127
693000 0.0027657 -0.0027657 0.00532551
694000 0.000581332 -0.000581332 0.01257
695000 -0.00102058 0.00102058 0.0125703
696000 -0.00187354 0.00187354 0.00295234
697000 -0.00173149 0.00173149 0.0151399
698000 0.00350312 -0.00350312 0.0101036
699000 0.000565145 -0.000565145 0.00336592
700000 0.000668931 -0.000668931 0.0132498
701000 8.99276e-06 -8.99276e-06 0.00665451
702000 -0.00198978 0.00198978 0.0204979
703000 -0.000247437 0.000247437 0.0129849
704000 0.0022265 -0.0022265 -0.000869559
705000 -0.00199618 0.00199618 0.00484657
706000 0.001938 -0.001938 0.0161858
707000 -0.000519893 0.000519893 0.0140604
708000 0.00507151 -0.00507151 0.016262
709000 -0.000822212 0.000822212 0.00542433
710000 -0.000458935 0.000458935 0.00537395
711000 0.000738218 -0.000738218 0.00808915
712000 0.000581862 -0.000581862 0.00712768
713000 -0.000726314 0.000726314 0.00677591
714000 0.00173339 -0.00173339 0.0100235
715000 0.000190598 -0.000190598 0.00930255
716000 0.000130839 -0.000130839 0.00924316
717000 -0.00110759 0.00110759 0.00816204
718000 -0.0021293 0.0021293 0.00995576
719000 0.00104326 -0.00104326 0.0143994
720000 -0.0038288 0.0038288 0.00608283
721000 0.000811867 -0.000811867 0.015291
722000 -0.00179193 0.00179193 0.0115473
723000 0.00160228 -0.00160228 0.0170892
724000 0.00173362 -0.00173362 0.0151624
725000 0.00395979 -0.00395979 0.011139
726000 0.000200327 -0.000200327 0.0163866
727000 -0.00107074 0.00107074 0.0146558
728000 -0.00523402 0.00523402 0.0187837
729000 -0.000662104 0.000662104 0.0187015
730000 -0.00311367 0.00311367 0.0180818
731000 -0.00288523 0.00288523 0.00983192
732000 -0.00251693 0.00251693 0.0122875
733000 -0.00299168 0.00299168 0.0121448
734000 0.000406661 -0.000406661 0.0113854
735000 -0.00117107 0.00117107 0.00136197
736000 0.00202866 -0.00202866 0.0171686
737000 0.00108915 -0.00108915 0.0139088
738000 -0.00290228 0.00290228 0.0143739
739000 0.000452646 -0.000452646 0.0160978
740000 -0.000288985 0.000288985 0.0125347
741000 -0.000292103 0.000292103 0.0161987
742000 7.70171e-05 -7.70171e-05 0.0114691
743000 0.000402621 -0.000402621 0.00838811
744000 0.000225142 -0.000225142 0.0165778
745000 0.000655332 -0.000655332 0.0147902
746000 0.000812982 -0.000812982 0.0131452
747000 -0.000639856 0.000639856 0.00927948
748000 -0.000706994 0.000706994 0.0122293
749000 5.39307e-05 -5.39307e-05 0.0106687
750000 0.000417049 -0.000417049 0.0211503
751000 0.00193746 -0.00193746 0.0145577
752000 -0.00295095 0.00295095 0.00660348
753000 -0.000731386 0.000731386 0.0121165
754000 0.00138856 -0.00138856 0.0185822
755000 -0.000962387 0.000962387 0.0133036
756000 -0.000559129 0.000559129 0.00697726
757000 0.000466708 -0.000466708 0.00490604
758000 0.00406458 -0.00406458 0.0152322
759000 0.000848713 -0.000848713 0.0130949
760000 -0.00154135 0.00154135 0.0266037
761000 0.00035879 -0.00035879 0.0191898
762000 0.000189673 -0.000189673 0.0243798
763000 -0.000968127 0.000968127 0.013174
764000 -0.000507108 0.000507108 0.015489
765000 -0.00112449 0.00112449 0.019491
766000 0.000512881 -0.000512881 0.0236639
767000 0.000744336 -0.000744336 0.0163372
768000 -0.00234845 0.00234845 0.0183261
769000 -0.00267389 0.00267389 0.0114789
770000 0.0011023 -0.0011023 0.018441
771000 -0.000567436 0.000567436 0.014725
772000 -0.000878083 0.000878083 0.0129833
773000 0.00335363 -0.00335363 0.0200606
774000 0.000936073 -0.000936073 0.0169494
775000 -0.00141528 0.00141528 0.0167544
776000 -0.000857317 0.000857317 0.0103272
777000 -0.00164712 0.00164712 0.0138969
778000 0.00135655 -0.00135655 0.0101825
779000 -0.00350712 0.00350712 0.0111751
780000 -0.000360069 0.000360069 -0.00147361
781000 -0.00168087 0.00168087 0.008928
782000 0.00096664 -0.00096664 0.00217016
783000 0.00104563 -0.00104563 0.012491
784000 -0.000247118 0.000247118 0.0169154
785000 -0.00354643 0.00354643 0.00465726
786000 0.00247868 -0.00247868 0.0104681
787000 0.000842159 -0.000842159 0.00845757
788000 -0.00101411 0.00101411 0.00707446
789000 -0.00102163 0.00102163 0.0125891
790000 -0.000854931 0.000854931 0.00454341
791000 -0.000744686 0.000744686 0.0134313
792000 -0.000534265 0.000534265 0.0098085
793000 0.000556151 -0.000556151 0.0106189
794000 -0.000870452 0.000870452 0.00909187
795000 -0.00152804 0.00152804 0.01132
796000 -0.000963541 0.000963541 0.0127984
797000 0.00165609 -0.00165609 0.00942218
798000 0.00166626 -0.00166626 0.00919082
799000 -0.00273621 0.00273621 0.0101317
800000 0.0010465 -0.0010465 0.0091102
801000 0.0016599 -0.0016599 0.00848995
802000 0.000407672 -0.000407672 0.0084378
803000 -0.00147148 0.00147148 0.00599414
804000 0.000678971 -0.000678971 0.0135173
805000 -0.00011755 0.00011755 0.00530755
806000 4.78684e-05 -4.78684e-05 0.0143032
807000 -0.000616753 0.000616753 0.0141623
808000 -0.00114924 0.00114924 0.010484
809000 -0.00129136 0.00129136 0.00521792
810000 0.00219052 -0.00219052 -0.000964832
811000 -0.00124328 0.00124328 0.0135577
812000 -0.00235989 0.00235989 0.0177363
813000 -0.00373218 0.00373218 0.0126839
814000 -0.00210196 0.00210196 0.0107014
815000 0.00187077 -0.00187077 0.0155081
816000 -0.000229052 0.000229052 0.0135689
817000 0.00379573 -0.00379573 0.00576005
818000 -0.00156332 0.00156332 0.00745643
819000 -0.00083031 0.00083031 0.0036818
820000 -0.00128233 0.00128233 0.00556669
821000 0.00243466 -0.00243466 0.00854119
822000 -0.00103525 0.00103525 0.0102648
823000 0.000103109 -0.000103109 0.0131394
824000 -0.00280957 0.00280957 0.00466528
825000 0.00332588 -0.00332588 -0.00263588
826000 0.000369954 -0.000369954 0.0126861
827000 -0.00195329 0.00195329 0.00869225
828000 0.00238605 -0.00238605 0.00877983
829000 -0.00148875 0.00148875 0.0184051
830000 -0.00505401 0.00505401 0.0101176
831000 -0.000181942 0.000181942 0.0142614
832000 -0.00207418 0.00207418 0.015905
833000 -0.00026021 0.00026021 0.00722072
834000 0.000220021 -0.000220021 0.014664
835000 -0.0038311 0.0038311 0.00994347
836000 7.06652e-05 -7.06652e-05 0.0218644
837000 0.00303279 -0.00303279 0.0180343
838000 -0.0035998 0.0035998 0.00839895
839000 0.000973695 -0.000973695 0.0137984
840000 -0.00444719 0.00444719 0.0182822
841000 -0.000322182 0.000322182 0.0132901
842000 0.00232003 -0.00232003 0.0179153
843000 0.00030607 -0.00030607 0.0107972
844000 0.00576417 -0.00576417 0.0130486
845000 -0.00235498 0.00235498 0.0166795
846000 0.000210828 -0.000210828 0.00665952
847000 0.00116952 -0.00116952 0.00838816
848000 -0.000514018 0.000514018 0.00322115
849000 -0.00179335 0.00179335 0.00165363
850000 -0.000551515 0.000551515 0.00470387
851000 0.000112496 -0.000112496 0.0131154
852000 -0.00212813 0.00212813 0.0052308
853000 -0.00314867 0.00314867 0.0166065
854000 0.000814882 -0.000814882 0.0213052
855000 -0.000677777 0.000677777 0.0143902
856000 0.000887456 -0.000887456 0.00843364
857000 -0.00144214 0.00144214 0.00630217
858000 0.00229467 -0.00229467 0.0128891
859000 -0.000667394 0.000667394 0.00433063
860000 0.00229907 -0.00229907 0.016463
861000 -0.000127419 0.000127419 -0.00176006
862000 0.00181655 -0.00181655 -0.00130865
863000 -0.00258823 0.00258823 0.00814592
864000 0.000777442 -0.000777442 0.0199324
865000 0.00030114 -0.00030114 0.012723
866000 0.00388689 -0.00388689 0.012367
867000 7.44833e-06 -7.44833e-06 -0.00209654
868000 -0.00449165 0.00449165 0.00770905
869000 0.00100104 -0.00100104 0.00290379
870000 -0.000581245 0.000581245 0.0138567
871000 0.000124427 -0.000124427 0.00974886
872000 -0.00193534 0.00193534 0.00336393
873000 0.00232118 -0.00232118 0.00661546
874000 -0.000828483 0.000828483 0.014545
875000 0.0013631 -0.0013631 0.0212272
876000 -0.000427497 0.000427497 0.0147857
877000 0.000675961 -0.000675961 0.00514456
878000 0.000323078 -0.000323078 0.0177323
879000 0.00148769 -0.00148769 0.0195544
880000 -0.00395295 0.00395295 0.00924988
881000 0.000242248 -0.000242248 0.0202686
882000 0.0027029 -0.0027029 0.0177094
883000 -2.97898e-05 2.97898e-05 0.0247302
884000 -0.00317664 0.00317664 0.0136461
885000 0.000327811 -0.000327811 0.00908104
886000 0.00326821 -0.00326821 0.0123651
887000 0.00122398 -0.00122398 0.00689767
888000 0.00212925 -0.00212925 0.0133715
889000 0.00111296 -0.00111296 0.0124962
890000 0.00270136 -0.00270136 0.00668245
891000 0.000960965 -0.000960965 0.0140176
892000 0.00293365 -0.00293365 0.00706803
893000 -5.77484e-05 5.77484e-05 0.013055
894000 -0.00105171 0.00105171 0.00539159
895000 -0.00299491 0.00299491 0.012628
896000 -0.000113586 0.000113586 0.022778
897000 -9.49916e-05 9.49916e-05 0.012326
898000 0.00371883 -0.00371883 0.00331067
899000 0.00134827 -0.00134827 0.0159114
900000 0.00222474 -0.00222474 0.0187196
901000 -0.00204245 0.00204245 0.0228485
902000 0.00328254 -0.00328254 0.0171097
903000 0.0012158 -0.0012158 0.0114722
904000 -0.00244912 0.00244912 0.0115442
905000 -0.00135518 0.00135518 -0.000251628
906000 -0.00244365 0.00244365 0.00318606
907000 0.000764219 -0.000764219 0.0155808
908000 0.00328137 -0.00328137 0.024968
909000 -0.00209307 0.00209307 0.0202661
910000 -0.000804933 0.000804933 0.0171365
911000 -0.00273702 0.00273702 0.00901345
912000 0.00180413 -0.00180413 0.0122626
913000 0.00260842 -0.00260842 0.0187203
914000 -0.00270738 0.00270738 0.0204542
915000 -0.000842541 0.000842541 0.0125763
916000 -0.00349931 0.00349931 0.00437025
917000 0.000994517 -0.000994517 0.00968389
918000 0.000354128 -0.000354128 0.0203276
919000 -0.000862557 0.000862557 0.0160376
920000 0.000881477 -0.000881477 0.00929061
921000 0.00112214 -0.00112214 0.0205958
922000 -0.00269016 0.00269016 0.0221885
923000 0.00212015 -0.00212015 0.00831056
924000 0.000350575 -0.000350575 0.00667334
925000 0.000624453 -0.000624453 0.0146223
926000 -0.0017747 0.0017747 0.0155391
927000 0.00140663 -0.00140663 0.00666875
928000 -0.00311004 0.00311004 0.0183196
929000 0.00543092 -0.00543092 0.0208784
930000 0.00099827 -0.00099827 0.0124929
931000 -0.00197893 0.00197893 0.00975184
932000 -0.00173928 0.00173928 0.00851565
933000 0.00196991 -0.00196991 0.0124861
934000 -0.00221204 0.00221204 0.00952664
935000 -0.00061522 0.00061522 0.0090314
936000 0.0044112 -0.0044112 0.0112287
937000 0.00138567 -0.00138567 0.0116191
938000 0.000997579 -0.000997579 0.00587428
939000 0.00146467 -0.00146467 0.00788834
940000 -0.00212415 0.00212415 0.0147136
941000 0.00258793 -0.00258793 0.0125959
942000 0.00048536 -0.00048536 0.0181211
943000 0.00195252 -0.00195252 0.0175351
944000 -0.00161046 0.00161046 0.0116539
945000 -0.00119042 0.00119042 0.00660325
946000 -0.000179078 0.000179078 0.0164719
947000 0.000661261 -0.000661261 0.0097669
948000 9.21525e-05 -9.21525e-05 0.00855136
949000 0.000753276 -0.000753276 0.00941365
950000 0.000721887 -0.000721887 0.00995936
951000 0.00072538 -0.00072538 0.0139959
952000 0.000286999 -0.000286999 0.0217757
953000 -0.00136026 0.00136026 0.0150606
954000 0.00127002 -0.00127002 0.0162503
955000 0.00326767 -0.00326767 0.0122565
956000 -0.00496387 0.00496387 0.00890052
957000 0.00466055 -0.00466055 0.0161809
958000 -0.00167286 0.00167286 0.00392305
959000 0.000203872 -0.000203872 0.010618
960000 0.00256059 -0.00256059 0.00667909
961000 -0.00108725 0.00108725 0.0035064
962000 0.00238155 -0.00238155 0.0160581
963000 -0.00433051 0.00433051 0.0130824
964000 0.00108248 -0.00108248 0.0118699
965000 0.000730771 -0.000730771 0.0242108
966000 0.000322449 -0.000322449 0.0136993
967000 0.0035916 -0.0035916 0.0172526
968000 0.00152711 -0.00152711 0.00773227
969000 -0.00273472 0.00273472 0.0108651
970000 9.74758e-05 -9.74758e-05 0.0145606
971000 -0.00369271 0.00369271 0.013917
972000 0.00131088 -0.00131088 0.00492175
973000 0.000442715 -0.000442715 0.0164775
974000 -0.000540972 0.000540972 0.00938455
975000 0.00231903 -0.00231903 0.00536444
976000 0.00385866 -0.00385866 0.00527224
977000 -0.000301612 0.000301612 0.0120997
978000 0.00122764 -0.00122764 0.0128285
979000 0.00192426 -0.00192426 0.0129001
980000 -0.00318954 0.00318954 0.00464755
981000 0.000966072 -0.000966072 0.0105372
982000 0.00275595 -0.00275595 0.0127675
983000 -0.00113927 0.00113927 0.0165689
984000 -0.000350675 0.000350675 0.00892374
985000 0.000140231 -0.000140231 0.0144609
986000 0.002163 -0.002163 0.00807342
987000 -0.00364212 0.00364212 0.0149293
988000 -0.00243686 0.00243686 0.00779226
989000 -0.00194304 0.00194304 0.0174947
990000 -0.00117564 0.00117564 0.0142806
991000 0.00185919 -0.00185919 0.0114818
992000 0.00184567 -0.00184567 0.0148664
993000 -0.00083551 0.00083551 0.011574
994000 0.00275859 -0.00275859 0.0187534
995000 0.000691677 -0.000691677 0.0103297
996000 -0.000460779 0.000460779 0.00964464
997000 0.00206352 -0.00206352 0.00785923
998000 0.000815651 -0.000815651 0.0128711
999000 0.00146578 -0.00146578 0.0180598
1000000 0.00192227 -0.00192227 0.0120682
1001000 -0.0016514 0.0016514 0.0160023
1002000 0.000787145 -0.000787145 0.00780269
1003000 0.00314818 -0.00314818 0.00836807
1004000 0.000130624 -0.000130624 0.00485826
1005000 -0.00107023 0.00107023 0.00666642
1006000 -0.00194353 0.00194353 0.00526415
1007000 -0.000251059 0.000251059 0.0234497
1008000 0.000865802 -0.000865802 0.011016
1009000 0.000535072 -0.000535072 0.0104992
1010000 0.000696828 -0.000696828 0.0132409
1011000 -0.000294451 0.000294451 0.0138393
1012000 0.00479694 -0.00479694 0.0161009
1013000 -0.00183898 0.00183898 0.00723358
1014000 0.00144996 -0.00144996 0.00564406
1015000 -0.00119702 0.00119702 0.0137582
1016000 -0.000337325 0.000337325 0.0123095
1017000 -0.00364328 0.00364328 0.0157388
1018000 0.00356235 -0.00356235 0.000865204
1019000 -0.000501068 0.000501068 0.0084237
1020000 0.0025431 -0.0025431 0.00526294
1021000 0.000195664 -0.000195664 0.00976596
1022000 0.000277028 -0.000277028 0.00335506
1023000 -0.00257582 0.00257582 0.0127073
1024000 -6.56244e-06 6.56244e-06 0.0143696
1025000 0.00379499 -0.00379499 0.0155199
1026000 -0.000691473 0.000691473 0.0191568
1027000 -0.000487323 0.000487323 0.00827985
1028000 -0.000967809 0.000967809 0.0123201
1029000 -0.000688768 0.000688768 0.00892074
1030000 0.00232304 -0.00232304 0.00589527
1031000 0.00141462 -0.00141462 0.0062169
1032000 -0.000788923 0.000788923 0.0188854
1033000 0.00159351 -0.00159351 0.013159
1034000 -0.000890519 0.000890519 0.0248506
1035000 -0.00143375 0.00143375 0.0164307
1036000 -9.56838e-05 9.56838e-05 0.0130568
1037000 -0.00287967 0.00287967 0.0117728
1038000 0.000874909 -0.000874909 0.0047929
1039000 0.00123274 -0.00123274 0.012373
1040000 -0.000534854 0.000534854 0.0119908
1041000 -0.00183663 0.00183663 0.00343614
1042000 -0.000110821 0.000110821 0.0116007
1043000 0.000300794 -0.000300794 0.00418522
1044000 0.000282053 -0.000282053 0.0145873
1045000 0.000642006 -0.000642006 0.0130375
1046000 0.000527307 -0.000527307 0.0117342
1047000 -0.000596801 0.000596801 0.0140911
1048000 0.00245483 -0.00245483 0.00960745
1049000 0.000335287 -0.000335287 0.0133106
1050000 -0.00114873 0.00114873 0.0105328
1051000 0.00132967 -0.00132967 0.00278608
1052000 -0.00266495 0.00266495 0.0110803
1053000 0.00050231 -0.00050231 0.0172508
1054000 -0.000636469 0.000636469 0.0233075
1055000 -0.00145325 0.00145325 0.00926667
1056000 0.00150796 -0.00150796 0.0104432
1057000 -0.000183022 0.000183022 0.0137374
1058000 0.00233706 -0.00233706 0.0129547
1059000 0.00206004 -0.00206004 0.00245589
1060000 0.00100007 -0.00100007 0.0173234
1061000 -0.000570643 0.000570643 0.0221354
1062000 0.000979706 -0.000979706 0.0231805
1063000 -0.00455826 0.00455826 0.0104363
1064000 -0.00224629 0.00224629 0.00981045
1065000 0.00218522 -0.00218522 0.0164091
1066000 -0.000899968 0.000899968 0.0153579
1067000 -0.000107879 0.000107879 0.0074059
1068000 0.0034762 -0.0034762 0.0181422
1069000 0.00118826 -0.00118826 0.0144891
1070000 -0.000590336 0.000590336 0.00241432
1071000 0.00233648 -0.00233648 0.00737978
1072000 0.000417948 -0.000417948 0.0116057
1073000 0.00244238 -0.00244238 0.00406123
1074000 0.000726137 -0.000726137 0.00667556
1075000 -0.0023316 0.0023316 0.00996119
1076000 0.00295713 -0.00295713 0.0190229
1077000 -0.00450349 0.00450349 0.00917047
1078000 0.00202699 -0.00202699 0.00948188
1079000 -0.00271222 0.00271222 0.00427105
1080000 0.000670082 -0.000670082 0.0115495
1081000 0.00194573 -0.00194573 0.00298245
1082000 0.00111947 -0.00111947 -0.00105394
1083000 -0.00245679 0.00245679 0.014284
1084000 -0.000313999 0.000313999 0.00970317
1085000 -0.00189401 0.00189401 0.00674164
1086000 0.00189104 -0.00189104 0.0140712
1087000 -0.00130469 0.00130469 0.0120725
1088000 -0.000141468 0.000141468 0.00835994
1089000 -0.001752 0.001752 0.00822657
1090000 0.00381731 -0.00381731 0.0176011
1091000 0.00195625 -0.00195625 0.0163217
1092000 -8.76665e-05 8.76665e-05 0.0143135
1093000 0.00109889 -0.00109889 0.0103603
1094000 0.000670651 -0.000670651 0.013552
1095000 -0.000897575 0.000897575 0.0188049
1096000 -0.000777426 0.000777426 0.0079851
1097000 -0.000326885 0.000326885 0.0142163
1098000 -0.00117056 0.00117056 0.0114658
1099000 -0.00286514 0.00286514 0.00734936
1100000 0.00335792 -0.00335792 0.0119198
